0 0.169042 0.226613 0.017150 0.054280
0 0.266040 0.176028 0.016293 0.055885
0 0.257260 0.245964 0.017580 0.064398
0 0.455890 0.159053 0.018627 0.072585
0 0.452228 0.081889 0.014390 0.064398
0 0.628087 0.016983 0.023907 0.033965
0 0.645283 0.080394 0.039220 0.079923
0 0.665448 0.179601 0.044770 0.095183
0 0.240092 0.411193 0.024697 0.083020
0 0.129092 0.438944 0.019763 0.071458
0 0.143135 0.361045 0.018863 0.063915
0 0.459728 0.249115 0.026270 0.086580
0 0.461802 0.355252 0.023803 0.100825
0 0.689057 0.302144 0.048840 0.115163
0 0.468277 0.478857 0.034780 0.115995
0 0.718100 0.446390 0.059200 0.134865
0 0.248847 0.322671 0.022847 0.073887
0 0.230997 0.511118 0.031787 0.093425
0 0.156838 0.290930 0.018863 0.056690
0 0.473642 0.628291 0.035890 0.138473
0 0.746925 0.623730 0.062017 0.157285
0 0.218663 0.627783 0.034253 0.107070
0 0.098105 0.627320 0.023157 0.089030
0 0.114137 0.526380 0.022540 0.078625
