0 0.607438 0.491701 0.044223 0.113488
0 0.096500 0.513350 0.049580 0.091575
0 0.136645 0.414699 0.042550 0.075757
0 0.307215 0.399298 0.043290 0.083250
0 0.170315 0.333807 0.035890 0.062715
0 0.328120 0.312717 0.036260 0.069375
0 0.343105 0.241678 0.026270 0.055500
0 0.199360 0.266098 0.034040 0.055500
0 0.224890 0.208377 0.029600 0.046620
0 0.358387 0.182348 0.022940 0.046345
0 0.578610 0.143026 0.018500 0.045233
0 0.584160 0.203799 0.020720 0.055222
0 0.589895 0.278585 0.030710 0.072150
0 0.597665 0.372408 0.032190 0.087745
0 0.746080 0.115058 0.033660 0.046830
0 0.769487 0.178207 0.041627 0.059895
0 0.797853 0.254752 0.045940 0.072845
0 0.831770 0.352940 0.056427 0.093425
0 0.048502 0.638756 0.061323 0.117482
0 0.253098 0.645349 0.068783 0.134668
0 0.620492 0.651543 0.051150 0.157445
0 0.933512 0.651543 0.087910 0.165435
0 0.877302 0.482311 0.072463 0.121877
0 0.285598 0.504889 0.054930 0.101498
