0 0.659545 0.142850 0.031970 0.070330
0 0.377133 0.624569 0.039480 0.137862
0 0.729343 0.626367 0.053280 0.142260
0 0.385125 0.466728 0.042677 0.121080
0 0.707232 0.468925 0.049550 0.119880
0 0.396582 0.335058 0.034683 0.100700
0 0.686452 0.338855 0.041023 0.099500
0 0.405905 0.224569 0.027757 0.083517
0 0.672867 0.231561 0.033033 0.083118
0 0.191185 0.224169 0.042677 0.084317
0 0.217560 0.134858 0.037880 0.070330
0 0.413897 0.136258 0.025627 0.070730
0 0.122960 0.464406 0.080100 0.122912
0 0.085120 0.630060 0.064447 0.143625
0 0.164812 0.332461 0.050670 0.102697
