0 0.196823 0.339467 0.036667 0.062160
0 0.071922 0.639041 0.062203 0.116882
0 0.270392 0.646868 0.068423 0.129870
0 0.619643 0.378625 0.034780 0.087690
0 0.613427 0.283857 0.030340 0.071595
0 0.608285 0.208765 0.021090 0.053280
0 0.602365 0.148409 0.018130 0.045233
0 0.382565 0.189895 0.022610 0.044955
0 0.251768 0.216396 0.029637 0.044678
0 0.350190 0.318516 0.035560 0.067988
0 0.226978 0.272174 0.034077 0.050783
0 0.367580 0.248170 0.025200 0.054390
0 0.799165 0.180926 0.041370 0.059547
0 0.826915 0.260321 0.048050 0.074963
0 0.862030 0.360143 0.055500 0.095185
0 0.908465 0.491679 0.075110 0.124043
0 0.959840 0.666886 0.080320 0.167832
0 0.774737 0.118520 0.034473 0.047855
0 0.635165 0.661132 0.049870 0.161120
0 0.627172 0.499295 0.042837 0.114605
0 0.303655 0.509604 0.056903 0.099743
0 0.121437 0.515599 0.053067 0.088713
0 0.328175 0.404265 0.043330 0.081310
0 0.162043 0.419111 0.042587 0.074928
