0 0.265207 0.213900 0.028635 0.066833
0 0.556911 0.252898 0.021438 0.089357
0 0.671061 0.061852 0.022722 0.057350
0 0.551303 0.082550 0.012140 0.053880
0 0.389649 0.118047 0.019442 0.056427
0 0.288189 0.141402 0.024993 0.055037
0 0.376216 0.191168 0.021852 0.069143
0 0.360511 0.281078 0.030543 0.086950
0 0.238410 0.300618 0.031930 0.081170
0 0.205507 0.407610 0.039960 0.100567
0 0.340998 0.394290 0.036715 0.108560
0 0.316399 0.535920 0.048227 0.134267
0 0.166429 0.540475 0.047507 0.125157
0 0.118020 0.717513 0.058730 0.164667
0 0.283420 0.730078 0.061535 0.189410
0 0.569275 0.742370 0.034165 0.214587
0 0.799739 0.745472 0.063658 0.217223
0 0.760898 0.523452 0.050710 0.158723
0 0.563635 0.528727 0.030210 0.150093
0 0.560037 0.372163 0.024455 0.113167
0 0.729069 0.358497 0.038842 0.120360
0 0.704974 0.232622 0.031648 0.092070
0 0.554226 0.158713 0.014153 0.067987
0 0.686594 0.137763 0.027057 0.072707
