0 0.321746 0.132054 0.031964 0.042007
0 0.287537 0.864155 0.068795 0.178968
0 0.300019 0.645194 0.061900 0.152818
0 0.024012 0.464490 0.048025 0.114433
0 0.307261 0.470647 0.053206 0.109364
0 0.314020 0.334848 0.045484 0.079669
0 0.054736 0.321810 0.059968 0.085463
0 0.085154 0.208463 0.049345 0.071702
0 0.317884 0.222588 0.039689 0.059388
0 0.325125 0.058180 0.031001 0.037662
0 0.110262 0.112862 0.039689 0.044180
0 0.970205 0.830024 0.059591 0.145143
0 0.908929 0.634330 0.074357 0.119503
0 0.853401 0.481873 0.069530 0.098499
0 0.802220 0.354402 0.052145 0.065184
0 0.953349 0.263146 0.041525 0.052147
0 0.762145 0.257352 0.047318 0.059388
0 0.864990 0.108519 0.025107 0.031138
0 0.906514 0.180942 0.030900 0.038385
0 0.728346 0.171165 0.033798 0.044903
0 0.698893 0.097652 0.032832 0.036936
0 0.131990 0.034642 0.032930 0.032593
