0 0.379692 0.160586 0.024050 0.047407
0 0.363195 0.222793 0.027443 0.057580
0 0.606318 0.120465 0.019117 0.049950
0 0.610172 0.184520 0.021277 0.059200
0 0.614703 0.263424 0.029293 0.074927
0 0.783487 0.092067 0.034533 0.052495
0 0.804238 0.157622 0.040330 0.061605
0 0.830138 0.239762 0.044770 0.077145
0 0.861025 0.342770 0.051503 0.097235
0 0.618155 0.360086 0.031970 0.090577
0 0.623953 0.480915 0.039160 0.114005
0 0.899438 0.474390 0.066603 0.123765
0 0.944678 0.644205 0.077363 0.161120
0 0.628748 0.638555 0.044223 0.155045
0 0.268842 0.624969 0.067130 0.131068
0 0.070107 0.618575 0.056480 0.115885
0 0.115395 0.494100 0.050083 0.089110
0 0.301075 0.489305 0.057010 0.100300
0 0.324253 0.383810 0.044753 0.083515
0 0.154300 0.396462 0.041933 0.075155
0 0.346083 0.295059 0.037000 0.068912
0 0.189295 0.314947 0.036077 0.063825
0 0.219050 0.245686 0.033300 0.053882
0 0.243715 0.186718 0.031450 0.048330
