0 0.479377 0.385366 0.020720 0.085192
0 0.481597 0.295734 0.020720 0.077978
0 0.256522 0.327846 0.014130 0.048178
0 0.482057 0.216519 0.015700 0.067062
0 0.332117 0.289490 0.014800 0.056055
0 0.650623 0.342141 0.029600 0.098512
0 0.642115 0.235465 0.028983 0.086025
0 0.632710 0.144585 0.022507 0.074000
0 0.625290 0.067034 0.022353 0.065523
0 0.484240 0.145988 0.013900 0.058970
0 0.339130 0.229469 0.013873 0.050298
0 0.265643 0.273791 0.013360 0.046442
0 0.661783 0.465729 0.035167 0.108293
0 0.671107 0.605189 0.033567 0.119482
0 0.473677 0.605389 0.025627 0.107893
0 0.477142 0.487506 0.024030 0.093507
0 0.307710 0.508685 0.021900 0.071930
0 0.298118 0.600394 0.022963 0.083518
0 0.214070 0.590804 0.017367 0.053947
0 0.224368 0.520089 0.016990 0.060358
0 0.235467 0.450482 0.015140 0.057580
0 0.315633 0.429324 0.020073 0.067988
0 0.247168 0.386373 0.013617 0.052225
0 0.323972 0.355905 0.018243 0.063400
