0 0.170368 0.420309 0.042137 0.074578
0 0.654103 0.656185 0.056007 0.160545
0 0.968798 0.655896 0.062403 0.163423
0 0.921380 0.481689 0.078440 0.125708
0 0.637405 0.494038 0.046990 0.114885
0 0.869692 0.351429 0.061050 0.094072
0 0.627153 0.374600 0.037000 0.089355
0 0.830487 0.253712 0.048307 0.074000
0 0.617735 0.280884 0.032890 0.070532
0 0.798677 0.177245 0.043167 0.058970
0 0.609437 0.206923 0.022353 0.054730
0 0.371967 0.249916 0.024667 0.053187
0 0.356037 0.319072 0.035187 0.066600
0 0.336982 0.404126 0.041477 0.081863
0 0.313672 0.508744 0.053317 0.099622
0 0.282535 0.647632 0.067490 0.134200
0 0.083828 0.640501 0.060157 0.114702
0 0.130272 0.516278 0.050903 0.089225
0 0.204015 0.341105 0.034970 0.060320
0 0.232678 0.275295 0.030577 0.049720
0 0.257087 0.220278 0.026980 0.044130
0 0.386330 0.192719 0.022353 0.044517
0 0.601652 0.148010 0.018243 0.042975
0 0.773625 0.115208 0.036743 0.046435
