0 0.695481 0.122583 0.029137 0.071873
0 0.571022 0.363843 0.024350 0.114887
0 0.566506 0.244573 0.022062 0.091853
0 0.739621 0.348525 0.040722 0.123750
0 0.582950 0.730518 0.035215 0.209917
0 0.811596 0.731553 0.061627 0.211987
0 0.304561 0.719125 0.057537 0.185750
0 0.140651 0.712567 0.052878 0.171247
0 0.187001 0.537175 0.044072 0.121530
0 0.332886 0.530140 0.047382 0.133467
0 0.354315 0.391080 0.035095 0.107093
0 0.223344 0.404867 0.036892 0.101100
0 0.252416 0.299372 0.031498 0.081117
0 0.371846 0.278792 0.028803 0.087910
0 0.278050 0.213065 0.027750 0.069003
0 0.298812 0.141043 0.024440 0.059160
0 0.398798 0.115110 0.018730 0.060587
0 0.386311 0.188070 0.021853 0.071920
0 0.562879 0.149852 0.014597 0.072650
0 0.576288 0.518832 0.030270 0.149450
0 0.772441 0.512118 0.052748 0.157843
0 0.559483 0.074308 0.012430 0.058390
0 0.679039 0.048605 0.023587 0.059857
0 0.714629 0.221097 0.032883 0.092407
