0 0.403858 0.443802 0.040003 0.122545
0 0.092990 0.603854 0.054353 0.141507
0 0.392847 0.609154 0.041560 0.148173
0 0.230133 0.097385 0.040420 0.073770
0 0.431783 0.104670 0.026240 0.073540
0 0.682152 0.115998 0.029550 0.073390
0 0.706378 0.317755 0.041023 0.100300
0 0.694392 0.208065 0.030903 0.086315
0 0.425325 0.195477 0.028770 0.085115
0 0.203148 0.190681 0.042623 0.087512
0 0.178107 0.302171 0.053280 0.103498
0 0.415467 0.309364 0.037800 0.102697
0 0.724762 0.448265 0.043690 0.119880
0 0.744208 0.604510 0.048483 0.140660
