0 0.123928 0.462115 0.018810 0.073075
0 0.257437 0.198258 0.015727 0.057350
0 0.442898 0.102751 0.017883 0.060587
0 0.446598 0.178137 0.019117 0.072150
0 0.234773 0.433555 0.024667 0.086720
0 0.138265 0.382449 0.016650 0.062668
0 0.242175 0.343136 0.021583 0.074692
0 0.150598 0.312264 0.017883 0.056887
0 0.250190 0.266593 0.017267 0.064520
0 0.162162 0.249826 0.016343 0.053652
0 0.226202 0.532253 0.031143 0.093195
0 0.615685 0.025587 0.033670 0.051175
0 0.634925 0.097931 0.040330 0.080197
0 0.657680 0.195334 0.046620 0.095183
0 0.684690 0.316325 0.052540 0.116275
0 0.717433 0.463622 0.065120 0.138475
0 0.462985 0.497506 0.035890 0.119047
0 0.457237 0.373546 0.030527 0.102212
0 0.451995 0.267980 0.028057 0.086720
0 0.755455 0.651926 0.075190 0.174928
0 0.474262 0.651638 0.039130 0.142130
0 0.215455 0.651983 0.031437 0.110290
0 0.096108 0.650384 0.022910 0.093508
0 0.110577 0.548902 0.021273 0.077930
