0 0.834537 0.749093 0.076130 0.234773
0 0.591651 0.750820 0.039878 0.218893
0 0.308627 0.744260 0.055930 0.190580
0 0.145235 0.744260 0.062665 0.176773
0 0.355620 0.413072 0.033740 0.105230
0 0.227873 0.432718 0.033990 0.097903
0 0.192621 0.564037 0.042467 0.120147
0 0.337370 0.553680 0.044020 0.133960
0 0.782490 0.518118 0.059040 0.163650
0 0.580516 0.531583 0.036253 0.151913
0 0.570835 0.376330 0.026850 0.114333
0 0.255494 0.327545 0.027703 0.079090
0 0.371835 0.300767 0.026035 0.085473
0 0.384324 0.212660 0.019793 0.070207
0 0.279220 0.241935 0.025205 0.067710
0 0.297639 0.170758 0.023332 0.057443
0 0.395249 0.139677 0.017088 0.056333
0 0.552584 0.091820 0.013017 0.054120
0 0.557489 0.165807 0.016332 0.068607
0 0.563686 0.258138 0.024107 0.088570
0 0.671293 0.059317 0.026450 0.055500
0 0.690081 0.132932 0.031363 0.068603
0 0.713172 0.227312 0.036005 0.089910
0 0.742455 0.351493 0.043500 0.120713
