0 0.397979 0.116100 0.018257 0.058607
0 0.559455 0.074808 0.014485 0.055943
0 0.678710 0.049667 0.023725 0.060273
0 0.562700 0.151065 0.014985 0.069930
0 0.695943 0.125592 0.029220 0.074923
0 0.355134 0.393950 0.035173 0.108780
0 0.222141 0.409770 0.036838 0.099900
0 0.186576 0.543408 0.043708 0.122877
0 0.334554 0.534750 0.046452 0.134867
0 0.144854 0.719438 0.053078 0.168323
0 0.741908 0.346317 0.040280 0.118920
0 0.572153 0.365737 0.025905 0.113647
0 0.578884 0.522637 0.031648 0.147213
0 0.775247 0.512327 0.053225 0.158240
0 0.819015 0.734058 0.064015 0.215303
0 0.587874 0.735018 0.038842 0.210030
0 0.305717 0.724228 0.057220 0.185577
0 0.716194 0.220442 0.033447 0.091590
0 0.567124 0.245857 0.023018 0.089673
0 0.371460 0.280623 0.028805 0.087273
0 0.251340 0.303640 0.030245 0.081520
0 0.276695 0.215400 0.027730 0.069067
0 0.385865 0.190693 0.021505 0.071260
0 0.297454 0.143740 0.024002 0.058607
