0 0.213444 0.269215 0.034167 0.083710
0 0.242409 0.177987 0.031048 0.068680
0 0.267211 0.103870 0.027923 0.061973
0 0.672484 0.123528 0.025668 0.071457
0 0.540039 0.059365 0.011202 0.056690
0 0.659278 0.046277 0.022040 0.059100
0 0.545868 0.511240 0.026675 0.147453
0 0.734680 0.508643 0.044655 0.153447
0 0.709205 0.346403 0.033865 0.119080
0 0.544669 0.354597 0.021278 0.114687
0 0.321091 0.370180 0.038062 0.109093
0 0.342371 0.253897 0.032067 0.090707
0 0.688700 0.221970 0.027925 0.092040
0 0.374720 0.084380 0.020275 0.056473
0 0.543678 0.233318 0.019295 0.090310
0 0.359631 0.161645 0.023428 0.071110
0 0.541590 0.138118 0.012835 0.070070
0 0.547921 0.722357 0.031642 0.207633
0 0.766400 0.721638 0.053585 0.205237
0 0.260547 0.709170 0.061895 0.186053
0 0.084862 0.697182 0.062255 0.170710
0 0.135930 0.517602 0.051465 0.128030
0 0.294893 0.515205 0.052185 0.136663
0 0.178436 0.378990 0.041817 0.103600
