0 0.462933 0.612601 0.021313 0.121877
0 0.284445 0.619761 0.020423 0.103563
0 0.291348 0.516131 0.022243 0.075922
0 0.458090 0.381883 0.018487 0.086910
0 0.304047 0.290496 0.011800 0.056848
0 0.231460 0.332491 0.010513 0.048338
0 0.224072 0.392391 0.011157 0.052832
0 0.299657 0.358106 0.015440 0.064558
0 0.208847 0.529786 0.012873 0.062053
0 0.216553 0.458678 0.012873 0.058970
0 0.589548 0.048226 0.022610 0.068797
0 0.602653 0.127526 0.028780 0.075928
0 0.455725 0.288884 0.020350 0.077933
0 0.451645 0.208695 0.012077 0.069760
0 0.451008 0.137597 0.011350 0.060060
0 0.308970 0.229070 0.010513 0.051550
0 0.237882 0.278291 0.011370 0.048498
0 0.295050 0.434202 0.015700 0.068990
0 0.461380 0.486728 0.024420 0.096570
0 0.650302 0.457921 0.043510 0.119548
0 0.631875 0.329217 0.036850 0.103895
0 0.616423 0.219726 0.031967 0.089577
0 0.666508 0.604943 0.039517 0.128540
