0 0.616908 0.189694 0.019270 0.057493
0 0.614248 0.126405 0.016903 0.046570
0 0.389492 0.164160 0.025437 0.047215
0 0.062942 0.615979 0.063990 0.118283
0 0.254673 0.187748 0.030833 0.045865
0 0.371983 0.223788 0.029600 0.056425
0 0.227220 0.245062 0.036073 0.053190
0 0.195307 0.312935 0.038233 0.062670
0 0.352250 0.295590 0.039467 0.068220
0 0.263807 0.625569 0.073580 0.131068
0 0.627472 0.642551 0.043157 0.157043
0 0.328737 0.382710 0.045507 0.082480
0 0.942888 0.652341 0.076190 0.163837
0 0.899998 0.481513 0.065003 0.126675
0 0.622648 0.484110 0.034683 0.115885
0 0.301370 0.487906 0.059193 0.098703
0 0.114888 0.490304 0.051737 0.088313
0 0.158895 0.393310 0.044990 0.074385
0 0.790608 0.100531 0.031450 0.052262
0 0.810958 0.165511 0.037617 0.060588
0 0.834237 0.246334 0.044093 0.075158
0 0.863377 0.349125 0.050567 0.097125
0 0.621950 0.362955 0.030833 0.089725
0 0.618515 0.267097 0.024623 0.073230
