0 0.196045 0.537118 0.046035 0.122277
0 0.382519 0.281293 0.029132 0.088233
0 0.263298 0.301433 0.030930 0.081520
0 0.232729 0.407648 0.037403 0.098303
0 0.364177 0.391583 0.035605 0.108373
0 0.573791 0.154282 0.014452 0.068990
0 0.577266 0.248425 0.020813 0.090417
0 0.580934 0.368423 0.023737 0.115087
0 0.585896 0.524698 0.030567 0.151050
0 0.786575 0.519423 0.055025 0.158720
0 0.752091 0.352188 0.040583 0.120990
0 0.728199 0.225148 0.034342 0.090743
0 0.708162 0.128402 0.029630 0.070917
0 0.692267 0.052475 0.023245 0.056530
0 0.571004 0.078363 0.012648 0.056047
0 0.410048 0.120140 0.018960 0.059940
0 0.310459 0.144560 0.024998 0.057720
0 0.396935 0.192152 0.021875 0.069097
0 0.289947 0.215380 0.028305 0.066047
0 0.590930 0.738277 0.035245 0.213867
0 0.827215 0.745230 0.065455 0.222020
0 0.310411 0.721493 0.057543 0.186053
0 0.153248 0.697758 0.053945 0.146257
0 0.341160 0.532083 0.047115 0.132347
