0 0.694678 0.112639 0.032190 0.072983
0 0.422168 0.604108 0.039130 0.141555
0 0.768573 0.603820 0.053707 0.140980
0 0.141743 0.598326 0.044500 0.134707
0 0.182790 0.448167 0.048333 0.123140
0 0.426388 0.445866 0.039897 0.118537
0 0.744022 0.447017 0.047570 0.121990
0 0.435137 0.314433 0.031080 0.100235
0 0.208032 0.313766 0.044843 0.100897
0 0.723723 0.314383 0.042180 0.100180
0 0.442135 0.203381 0.024457 0.085192
0 0.708738 0.204907 0.032190 0.083805
0 0.446020 0.112500 0.024087 0.072705
0 0.252695 0.115275 0.034817 0.072150
0 0.230865 0.205185 0.037777 0.084360
