0 0.590253 0.145902 0.023127 0.062900
0 0.598300 0.229014 0.033607 0.077007
0 0.606398 0.329645 0.035890 0.095185
0 0.617533 0.452095 0.043067 0.112555
0 0.890152 0.437342 0.067043 0.122545
0 0.849480 0.305241 0.053280 0.100567
0 0.817335 0.198442 0.046250 0.080475
0 0.789770 0.112140 0.041440 0.067155
0 0.766090 0.039157 0.037000 0.056610
0 0.583192 0.076265 0.020697 0.053395
0 0.108753 0.482464 0.042180 0.089578
0 0.295678 0.471309 0.048397 0.101232
0 0.137613 0.383231 0.034187 0.079587
0 0.310995 0.363916 0.038183 0.088913
0 0.165363 0.296816 0.031967 0.067267
0 0.348827 0.127125 0.021587 0.052955
0 0.209460 0.159269 0.027133 0.052032
0 0.336493 0.193956 0.024667 0.061742
0 0.188893 0.222839 0.029293 0.056657
0 0.325203 0.271009 0.033747 0.072928
0 0.629743 0.606009 0.049727 0.146187
0 0.935928 0.600181 0.074150 0.151182
0 0.274810 0.606174 0.055500 0.127873
0 0.072345 0.607006 0.057277 0.116882
