0 0.601075 0.284906 0.032683 0.071457
0 0.812438 0.257158 0.047177 0.073770
0 0.781605 0.180033 0.043477 0.058735
0 0.593212 0.209056 0.021277 0.056192
0 0.353483 0.249757 0.024667 0.056195
0 0.212728 0.274616 0.032377 0.052262
0 0.236778 0.218421 0.029290 0.045787
0 0.367820 0.190673 0.022507 0.045325
0 0.586850 0.148398 0.018733 0.045900
0 0.757577 0.118755 0.034080 0.048580
0 0.337680 0.320892 0.035520 0.067265
0 0.183612 0.343037 0.033743 0.060940
0 0.151198 0.423124 0.041737 0.075257
0 0.111462 0.520860 0.049283 0.090910
0 0.065728 0.642737 0.058163 0.111555
0 0.265308 0.650064 0.064823 0.132202
0 0.295722 0.512201 0.054610 0.098903
0 0.317477 0.407639 0.042180 0.082252
0 0.608452 0.377677 0.034523 0.088615
0 0.848213 0.358114 0.056773 0.095522
0 0.896165 0.488160 0.075957 0.124290
0 0.952173 0.659636 0.089767 0.164572
0 0.632387 0.659771 0.050393 0.157808
0 0.618953 0.498949 0.046620 0.113888
