0 0.336939 0.401848 0.038988 0.105230
0 0.697468 0.248802 0.029720 0.088910
0 0.720941 0.371635 0.036683 0.118443
0 0.547866 0.100783 0.011738 0.051947
0 0.665249 0.081802 0.022727 0.055943
0 0.679609 0.153897 0.026973 0.067600
0 0.556564 0.536772 0.027622 0.151337
0 0.310764 0.542815 0.052262 0.134650
0 0.273216 0.736445 0.063482 0.188163
0 0.108357 0.721483 0.065210 0.165147
0 0.161202 0.544938 0.050950 0.123877
0 0.202822 0.413503 0.041485 0.099233
0 0.237537 0.307610 0.034490 0.081253
0 0.266135 0.223027 0.029245 0.065267
0 0.289985 0.153597 0.025500 0.055613
0 0.552198 0.265660 0.020140 0.087753
0 0.549680 0.174553 0.014385 0.066653
0 0.559714 0.755205 0.031938 0.219237
0 0.790259 0.760613 0.063442 0.219240
0 0.751849 0.535622 0.050493 0.158243
0 0.390010 0.131952 0.020255 0.055610
0 0.375401 0.203547 0.023002 0.066933
0 0.358668 0.290627 0.030995 0.084580
0 0.554176 0.383143 0.022658 0.111727
