0 0.452813 0.375396 0.021307 0.087413
0 0.455742 0.283358 0.019763 0.078625
0 0.457823 0.129113 0.014180 0.060125
0 0.455740 0.202244 0.015093 0.069262
0 0.310455 0.214930 0.012363 0.052955
0 0.234603 0.259446 0.014213 0.048563
0 0.302592 0.277369 0.014523 0.057583
0 0.225817 0.315063 0.012673 0.049255
0 0.216567 0.376344 0.012673 0.053883
0 0.295655 0.345125 0.017297 0.064520
0 0.287638 0.420860 0.019763 0.071225
0 0.206392 0.442712 0.013903 0.058045
0 0.197142 0.512435 0.013903 0.061975
0 0.278388 0.501912 0.024697 0.072380
0 0.185117 0.590250 0.015140 0.065445
0 0.268445 0.593477 0.024923 0.081515
0 0.447815 0.598516 0.026563 0.111723
0 0.643140 0.597739 0.032560 0.122933
0 0.600403 0.047731 0.021833 0.071873
0 0.610003 0.127916 0.024827 0.079117
0 0.616322 0.222141 0.024777 0.091022
0 0.626490 0.332033 0.028860 0.100455
0 0.635000 0.455381 0.032560 0.114053
0 0.451273 0.478691 0.024827 0.096848
