0 0.349123 0.892637 0.066246 0.209384
0 0.167661 0.067575 0.035905 0.041213
0 0.358832 0.082593 0.030784 0.041912
0 0.358832 0.154719 0.030784 0.047154
0 0.150897 0.143367 0.037768 0.051691
0 0.737548 0.108796 0.031295 0.041494
0 0.906316 0.124723 0.032413 0.053231
0 0.952142 0.189059 0.035767 0.051133
0 0.767723 0.180677 0.036883 0.048620
0 0.804048 0.266599 0.048062 0.060357
0 0.850153 0.370544 0.062030 0.080474
0 0.961411 0.655370 0.072137 0.136812
0 0.906995 0.490998 0.073391 0.096326
0 0.131073 0.235841 0.052145 0.070255
0 0.357525 0.243808 0.037661 0.063010
0 0.106448 0.343032 0.055046 0.076047
0 0.357525 0.349912 0.041525 0.075322
0 0.355111 0.487159 0.046352 0.105019
0 0.069752 0.484987 0.070496 0.110813
0 0.032703 0.679813 0.065407 0.175997
0 0.351249 0.675829 0.057941 0.176719
