0 0.787662 0.220309 0.049210 0.076868
0 0.732642 0.072179 0.035150 0.053557
0 0.757507 0.138724 0.045140 0.062437
0 0.824107 0.322430 0.056240 0.096295
0 0.588192 0.348015 0.038550 0.091575
0 0.576933 0.251121 0.034533 0.075387
0 0.566140 0.170993 0.023433 0.061280
0 0.557815 0.104850 0.021583 0.051100
0 0.330418 0.153926 0.022510 0.052032
0 0.192425 0.185029 0.028397 0.051337
0 0.319765 0.216710 0.025930 0.061050
0 0.172382 0.246428 0.030863 0.057120
0 0.307587 0.291752 0.032407 0.071920
0 0.148332 0.318230 0.032097 0.066600
0 0.294498 0.382634 0.037617 0.086257
0 0.121318 0.402944 0.036410 0.078257
0 0.089793 0.504010 0.044400 0.091910
0 0.278493 0.490357 0.048840 0.103230
0 0.601062 0.468379 0.044843 0.111223
0 0.869682 0.450896 0.070597 0.119548
0 0.922742 0.614566 0.082583 0.153847
0 0.618157 0.623890 0.053280 0.150515
0 0.257627 0.629217 0.056833 0.133200
0 0.054273 0.629717 0.051507 0.118215
