0 0.282664 0.215748 0.031913 0.064750
0 0.113295 0.716015 0.068240 0.168750
0 0.282430 0.735815 0.070730 0.190210
0 0.571928 0.764583 0.031505 0.222113
0 0.804327 0.777243 0.060420 0.224413
0 0.768126 0.549922 0.049273 0.161117
0 0.571789 0.545772 0.028728 0.152517
0 0.739655 0.384767 0.036265 0.120280
0 0.701684 0.164237 0.027058 0.069373
0 0.718375 0.259502 0.027680 0.088243
0 0.570983 0.178222 0.013315 0.066877
0 0.571855 0.270325 0.019355 0.087137
0 0.572115 0.388963 0.021480 0.113220
0 0.352074 0.399783 0.040983 0.106227
0 0.214960 0.406112 0.043980 0.098903
0 0.394230 0.200393 0.024370 0.067433
0 0.375290 0.288918 0.034360 0.084637
0 0.251793 0.300967 0.035035 0.078393
0 0.170151 0.538078 0.053947 0.122757
0 0.307788 0.146055 0.027475 0.054923
0 0.410009 0.128980 0.020813 0.053767
0 0.570338 0.104950 0.011995 0.052033
0 0.687220 0.090438 0.021100 0.054923
0 0.323538 0.541193 0.055025 0.133787
