0 0.540767 0.742890 0.032800 0.212907
0 0.533161 0.373658 0.022777 0.111090
0 0.694999 0.362468 0.035962 0.115083
0 0.672222 0.240990 0.029970 0.088713
0 0.655139 0.147283 0.025772 0.069133
0 0.527905 0.163857 0.013875 0.067987
0 0.525997 0.088700 0.011445 0.052727
0 0.640640 0.073553 0.021160 0.053880
0 0.365386 0.115525 0.019442 0.055037
0 0.260455 0.135065 0.026035 0.056657
0 0.235654 0.206633 0.031238 0.065667
0 0.350382 0.189178 0.023780 0.068683
0 0.333820 0.279137 0.031235 0.085793
0 0.207035 0.295322 0.034705 0.082557
0 0.171655 0.405283 0.042685 0.102673
0 0.128356 0.543247 0.052968 0.129780
0 0.286451 0.536882 0.052447 0.137863
0 0.073039 0.727858 0.067683 0.176823
0 0.250459 0.736550 0.065453 0.194207
0 0.536451 0.528957 0.027722 0.147187
0 0.530541 0.255617 0.020398 0.086580
0 0.312264 0.393392 0.038488 0.109557
0 0.723981 0.523068 0.047952 0.153050
0 0.760574 0.739092 0.056462 0.210030
