0 0.635037 0.601831 0.047420 0.147853
0 0.626245 0.446188 0.041557 0.116285
0 0.616758 0.323651 0.033670 0.094628
0 0.609173 0.222919 0.032560 0.079087
0 0.601033 0.139669 0.025160 0.064102
0 0.804227 0.101664 0.045993 0.067643
0 0.831740 0.189609 0.047487 0.082092
0 0.864000 0.299514 0.054613 0.100568
0 0.904248 0.433207 0.068823 0.123210
0 0.949858 0.601864 0.078003 0.157283
0 0.360032 0.122869 0.022963 0.052748
0 0.220970 0.156236 0.025093 0.052347
0 0.200722 0.219374 0.030423 0.057942
0 0.782037 0.030266 0.037827 0.060532
0 0.347510 0.189204 0.023493 0.060737
0 0.335255 0.265927 0.032023 0.074325
0 0.177812 0.292501 0.031490 0.066733
0 0.151438 0.377616 0.035217 0.078723
0 0.320338 0.358236 0.036283 0.087913
0 0.305498 0.465768 0.050083 0.099500
0 0.122213 0.475957 0.040493 0.089510
0 0.595290 0.069124 0.021313 0.052347
0 0.282855 0.598635 0.054877 0.123875
0 0.089713 0.595838 0.049020 0.111090
