0 0.586250 0.579562 0.028370 0.069604
0 0.184986 0.569388 0.023472 0.077005
0 0.219949 0.168122 0.029602 0.063828
0 0.483667 0.199302 0.023685 0.059937
0 0.589995 0.211227 0.021787 0.057578
0 0.736963 0.224755 0.020556 0.056427
0 0.883731 0.239555 0.022204 0.055036
0 0.886847 0.305042 0.022954 0.056656
0 0.740870 0.291216 0.018093 0.058276
0 0.588759 0.280117 0.021370 0.060589
0 0.482898 0.269711 0.022611 0.061516
0 0.215037 0.243349 0.029648 0.063365
0 0.208745 0.318943 0.029639 0.066833
0 0.480653 0.343365 0.025694 0.062719
0 0.587731 0.351273 0.022685 0.061328
0 0.742847 0.361633 0.017676 0.060359
0 0.892287 0.372154 0.024667 0.058276
0 0.745269 0.433875 0.020963 0.061052
0 0.898412 0.441854 0.021380 0.059427
0 0.586968 0.424789 0.022269 0.060703
0 0.478681 0.417005 0.024324 0.062437
0 0.202486 0.399057 0.026639 0.069927
0 0.194023 0.481505 0.026694 0.071042
0 0.476704 0.494271 0.026685 0.065490
0 0.587213 0.499404 0.028667 0.063547
0 0.748065 0.506479 0.023685 0.062156
0 0.903713 0.513833 0.023185 0.060219
0 0.472352 0.576326 0.028407 0.071453
