0 0.308259 0.362094 0.028611 0.065490
0 0.680032 0.129073 0.027231 0.042625
0 0.294935 0.134565 0.023093 0.047620
0 0.298486 0.204831 0.026639 0.055609
0 0.696903 0.197503 0.029009 0.049620
0 0.714667 0.270263 0.033741 0.058609
0 0.300560 0.280089 0.027231 0.059604
0 0.314806 0.452883 0.029130 0.077526
0 0.317648 0.557779 0.029130 0.104297
0 0.782963 0.559177 0.043333 0.098302
0 0.619921 0.566370 0.055417 0.102302
0 0.759162 0.451086 0.045472 0.097901
0 0.600384 0.455880 0.050435 0.100302
0 0.733588 0.352185 0.038361 0.067932
