0 0.740182 0.424597 0.038573 0.123713
0 0.666771 0.835361 0.052667 0.250241
0 0.828039 0.820861 0.061057 0.214611
0 0.336422 0.074449 0.023198 0.062343
0 0.317812 0.156449 0.026437 0.074806
0 0.293534 0.258824 0.031828 0.100222
0 0.433661 0.167000 0.015104 0.077204
0 0.426378 0.268991 0.021307 0.100222
0 0.417344 0.403255 0.028052 0.129954
0 0.406016 0.583079 0.040458 0.175028
0 0.387169 0.847574 0.055193 0.273444
0 0.167523 0.849986 0.078109 0.275509
0 0.224424 0.578620 0.053641 0.177463
0 0.264271 0.393292 0.040688 0.132269
0 0.440010 0.085796 0.012500 0.057815
0 0.667953 0.115255 0.020292 0.060120
0 0.578786 0.101843 0.014438 0.058741
0 0.588828 0.182639 0.018167 0.073926
0 0.686982 0.193787 0.025286 0.073593
0 0.601706 0.282560 0.024276 0.098787
0 0.709057 0.292630 0.031292 0.095907
0 0.616781 0.415005 0.029667 0.127546
0 0.637958 0.589315 0.040729 0.172148
0 0.780510 0.593148 0.048552 0.162556
