0 0.546880 0.277926 0.017760 0.100704
0 0.698096 0.391671 0.036901 0.139824
0 0.549042 0.411523 0.021042 0.136954
0 0.731831 0.589801 0.051661 0.198176
0 0.775995 0.866069 0.065438 0.267472
0 0.556464 0.864579 0.031323 0.270454
0 0.300268 0.844694 0.060464 0.230685
0 0.162120 0.821324 0.057104 0.203833
0 0.210779 0.615995 0.047036 0.145176
0 0.336625 0.609037 0.048156 0.163074
0 0.551711 0.597102 0.026286 0.180963
0 0.362005 0.444093 0.033698 0.123722
0 0.674891 0.248954 0.028323 0.103500
0 0.250659 0.461644 0.036932 0.115083
0 0.281734 0.341667 0.029813 0.092648
0 0.381911 0.317500 0.026896 0.097241
0 0.307336 0.247139 0.024276 0.070685
0 0.327906 0.169634 0.021354 0.061139
0 0.410510 0.140222 0.017531 0.060741
0 0.397474 0.218986 0.019333 0.073528
0 0.542693 0.094963 0.009990 0.059667
0 0.643000 0.062819 0.019667 0.062269
0 0.657047 0.143241 0.023792 0.077926
0 0.544474 0.174880 0.012927 0.074593
