0 0.198880 0.402542 0.024704 0.069146
0 0.214810 0.171708 0.030417 0.063594
0 0.209468 0.246169 0.029602 0.064516
0 0.478949 0.202115 0.025898 0.059198
0 0.584611 0.212984 0.022611 0.058740
0 0.731579 0.226396 0.021380 0.056427
0 0.877111 0.240966 0.022204 0.054109
0 0.735690 0.293576 0.019731 0.058047
0 0.881634 0.305716 0.023028 0.057349
0 0.739394 0.363297 0.019731 0.061052
0 0.888829 0.373242 0.023435 0.056891
0 0.742269 0.434755 0.018907 0.060125
0 0.895407 0.441922 0.024259 0.059198
0 0.745556 0.507599 0.023889 0.062896
0 0.903014 0.513380 0.025491 0.060125
0 0.583639 0.281122 0.023185 0.060495
0 0.478801 0.272656 0.022694 0.061885
0 0.476583 0.345779 0.023185 0.062161
0 0.584866 0.353547 0.022694 0.061604
0 0.585361 0.426531 0.024667 0.062156
0 0.475593 0.420563 0.023185 0.062437
0 0.476088 0.496737 0.025157 0.064380
0 0.586597 0.501180 0.029102 0.064380
0 0.589069 0.582237 0.030694 0.071932
0 0.207329 0.322297 0.025898 0.065448
0 0.474495 0.579073 0.026602 0.073656
0 0.183981 0.572922 0.025648 0.078323
0 0.193764 0.484521 0.023435 0.067062
