0 0.580552 0.095190 0.015062 0.057546
0 0.173872 0.841329 0.074109 0.268472
0 0.389677 0.843398 0.053604 0.269296
0 0.408273 0.579241 0.039151 0.173185
0 0.640388 0.582968 0.041016 0.170694
0 0.668357 0.831134 0.052203 0.249417
0 0.832419 0.819949 0.059661 0.233676
0 0.782781 0.587106 0.048938 0.167380
0 0.619182 0.406472 0.029365 0.127611
0 0.742464 0.415588 0.038219 0.124287
0 0.712167 0.284667 0.032625 0.097778
0 0.602867 0.275139 0.024703 0.100259
0 0.419513 0.398412 0.028078 0.130435
0 0.227818 0.573537 0.052083 0.175500
0 0.266617 0.389690 0.039651 0.129472
0 0.295477 0.255417 0.031557 0.099741
0 0.319081 0.151843 0.025891 0.076722
0 0.337422 0.072241 0.023198 0.064259
0 0.440323 0.079676 0.013219 0.058981
0 0.434885 0.161065 0.015000 0.074648
0 0.427719 0.263222 0.021729 0.098907
0 0.590667 0.175306 0.018656 0.073926
0 0.669789 0.105375 0.020901 0.061139
0 0.689117 0.185301 0.025849 0.075528
