0 0.792216 0.614005 0.041536 0.141935
0 0.349385 0.142944 0.023979 0.075259
0 0.363799 0.062319 0.020057 0.060935
0 0.717419 0.831870 0.054380 0.220389
0 0.839607 0.815185 0.052109 0.188167
0 0.309542 0.385500 0.033490 0.137463
0 0.279758 0.578306 0.047203 0.189815
0 0.238740 0.860708 0.064083 0.278583
0 0.472034 0.861708 0.035891 0.276583
0 0.471318 0.593917 0.027781 0.176944
0 0.468974 0.414000 0.021740 0.128870
0 0.468508 0.278306 0.016318 0.098574
0 0.468977 0.177907 0.012005 0.076259
0 0.469135 0.095653 0.010187 0.057806
0 0.599357 0.140278 0.015922 0.058000
0 0.676076 0.168167 0.019203 0.059944
0 0.613638 0.219088 0.019516 0.071324
0 0.629841 0.317463 0.027005 0.094074
0 0.697461 0.246560 0.022630 0.070213
0 0.721544 0.341398 0.031286 0.093500
0 0.652495 0.443056 0.032365 0.121315
0 0.333029 0.246634 0.026526 0.101102
0 0.752159 0.461519 0.036411 0.114130
0 0.680547 0.607773 0.043156 0.157287
