0 0.697070 0.246981 0.026328 0.073593
0 0.599029 0.139944 0.016547 0.058278
0 0.676292 0.168444 0.021073 0.061056
0 0.470805 0.859611 0.036411 0.276426
0 0.237013 0.862685 0.065495 0.274630
0 0.279227 0.580065 0.046286 0.190463
0 0.310299 0.385856 0.033339 0.136954
0 0.332792 0.246894 0.027187 0.104157
0 0.349464 0.142454 0.022979 0.077111
0 0.363284 0.061741 0.019682 0.059389
0 0.468828 0.095630 0.010583 0.058741
0 0.468133 0.176574 0.012036 0.075204
0 0.469490 0.279005 0.013937 0.098694
0 0.470458 0.414231 0.017760 0.129870
0 0.471424 0.592384 0.029130 0.177231
0 0.717354 0.833602 0.052438 0.227296
0 0.841159 0.814032 0.054703 0.183565
0 0.791477 0.614074 0.046609 0.145000
0 0.679320 0.605731 0.041755 0.159389
0 0.651000 0.443171 0.032365 0.123139
0 0.751987 0.463315 0.034953 0.110481
0 0.721562 0.340171 0.029781 0.089769
0 0.630125 0.316866 0.026865 0.097250
0 0.612805 0.219620 0.020714 0.076537
