0 0.426885 0.264847 0.021365 0.100694
0 0.434612 0.160593 0.014984 0.075926
0 0.579820 0.092259 0.016109 0.058944
0 0.317807 0.152352 0.025250 0.077111
0 0.336578 0.071505 0.022010 0.060417
0 0.174599 0.844231 0.074156 0.273444
0 0.391562 0.842569 0.052250 0.271787
0 0.830370 0.814648 0.067115 0.225389
0 0.670034 0.829148 0.055932 0.249407
0 0.781992 0.584852 0.048547 0.161111
0 0.640250 0.581972 0.040729 0.168796
0 0.743404 0.414667 0.039339 0.127074
0 0.440156 0.078699 0.013594 0.059843
0 0.619326 0.405676 0.032141 0.129074
0 0.712906 0.284231 0.031281 0.096574
0 0.602857 0.274907 0.025474 0.097907
0 0.689305 0.183833 0.026411 0.074926
0 0.590307 0.173676 0.018729 0.073259
0 0.669635 0.103745 0.022292 0.060602
0 0.229130 0.573685 0.053646 0.179815
0 0.409508 0.577829 0.040599 0.178157
0 0.266417 0.389319 0.039667 0.129269
0 0.419763 0.399681 0.027547 0.131750
0 0.295474 0.256505 0.029781 0.097824
