0 0.079472 0.296604 0.028778 0.064750
0 0.352579 0.622299 0.025157 0.073307
0 0.469167 0.622417 0.032074 0.069375
0 0.771333 0.550612 0.028778 0.059432
0 0.619222 0.546794 0.023852 0.061974
0 0.464236 0.542862 0.029602 0.065214
0 0.353440 0.539857 0.025083 0.065214
0 0.351125 0.464529 0.023639 0.061859
0 0.460593 0.469539 0.026037 0.059547
0 0.613218 0.475995 0.024324 0.058969
0 0.760704 0.482161 0.026037 0.057813
0 0.450648 0.262643 0.024259 0.057328
0 0.347870 0.252448 0.023704 0.057813
0 0.083398 0.223763 0.027593 0.061974
0 0.073102 0.370721 0.033296 0.064984
0 0.068167 0.450503 0.033296 0.068224
0 0.060769 0.532596 0.034944 0.069609
0 0.051148 0.622112 0.039870 0.079089
0 0.750940 0.414906 0.025694 0.055500
0 0.605852 0.407198 0.022611 0.058969
0 0.457338 0.398333 0.023639 0.058969
0 0.350782 0.392167 0.025694 0.060125
0 0.741032 0.350789 0.025694 0.054536
0 0.599713 0.339516 0.023296 0.055500
0 0.733495 0.288352 0.024324 0.052995
0 0.593375 0.275349 0.022954 0.051635
0 0.453819 0.329224 0.026269 0.057969
0 0.349042 0.320552 0.025120 0.059583
