0 0.208930 0.620259 0.046651 0.146389
0 0.158826 0.830861 0.055193 0.203019
0 0.298266 0.850194 0.059854 0.233389
0 0.307156 0.254458 0.025625 0.070972
0 0.327523 0.177736 0.022120 0.060417
0 0.410195 0.148009 0.016995 0.058500
0 0.397115 0.227130 0.019958 0.075759
0 0.381201 0.323273 0.026432 0.093509
0 0.360695 0.450597 0.033984 0.124287
0 0.335284 0.614880 0.045964 0.162852
0 0.641370 0.072176 0.019292 0.060611
0 0.541531 0.102981 0.010302 0.059611
0 0.544060 0.182731 0.012734 0.074593
0 0.545560 0.283968 0.017984 0.099231
0 0.673120 0.254995 0.029219 0.102565
0 0.655362 0.150824 0.024036 0.075481
0 0.548245 0.417833 0.019958 0.131870
0 0.697133 0.397454 0.036682 0.140019
0 0.551346 0.602542 0.026161 0.183657
0 0.731310 0.595449 0.053141 0.196602
0 0.555375 0.868338 0.031229 0.263324
0 0.776396 0.868750 0.065719 0.262500
0 0.249326 0.467310 0.037328 0.116694
0 0.281367 0.347500 0.028391 0.091148
