0 0.449273 0.610292 0.029602 0.073260
0 0.161389 0.607047 0.027630 0.077146
0 0.562051 0.611792 0.027824 0.070260
0 0.558329 0.531924 0.029102 0.062714
0 0.870116 0.542885 0.028120 0.060219
0 0.715208 0.537615 0.023194 0.062990
0 0.860227 0.471599 0.025009 0.058198
0 0.709144 0.465818 0.020898 0.059354
0 0.849144 0.404060 0.023120 0.055724
0 0.703250 0.395628 0.018556 0.057495
0 0.446968 0.382141 0.022843 0.060542
0 0.552741 0.387760 0.021981 0.058615
0 0.554769 0.459526 0.025407 0.060063
0 0.447565 0.453826 0.022833 0.061505
0 0.447366 0.529646 0.022269 0.063208
0 0.170551 0.521167 0.023639 0.067448
0 0.175347 0.440326 0.023639 0.066870
0 0.179370 0.361755 0.030519 0.064750
0 0.183593 0.287948 0.027630 0.060771
0 0.446477 0.310245 0.023639 0.057042
0 0.549273 0.318146 0.023676 0.057042
0 0.697940 0.327396 0.022954 0.054729
0 0.840287 0.338958 0.024667 0.053188
0 0.834648 0.276346 0.023185 0.052172
0 0.692319 0.263583 0.022694 0.053281
0 0.547523 0.251372 0.025157 0.057161
0 0.444662 0.242906 0.022694 0.056333
0 0.187389 0.215159 0.027130 0.059661
