0 0.638805 0.585042 0.040005 0.171250
0 0.743232 0.420282 0.036682 0.129472
0 0.782516 0.591944 0.048552 0.165722
0 0.712211 0.288963 0.029786 0.097574
0 0.602914 0.279301 0.024536 0.102898
0 0.689773 0.189824 0.026411 0.073926
0 0.591581 0.177074 0.017234 0.072926
0 0.669990 0.108111 0.021354 0.059611
0 0.581289 0.095954 0.014026 0.059278
0 0.435159 0.160426 0.015172 0.075259
0 0.441685 0.079292 0.013516 0.059454
0 0.338245 0.070421 0.021875 0.062824
0 0.617940 0.409972 0.029401 0.127074
0 0.318826 0.150977 0.025651 0.074324
0 0.427906 0.262898 0.022479 0.099500
0 0.296302 0.253514 0.030344 0.099102
0 0.265464 0.389486 0.038219 0.131750
0 0.417409 0.398602 0.027964 0.130093
0 0.407854 0.578824 0.041479 0.180630
0 0.226776 0.571778 0.055000 0.178148
0 0.170146 0.844810 0.077833 0.278417
0 0.386880 0.843977 0.054531 0.271787
0 0.668047 0.835745 0.058167 0.254546
0 0.830526 0.825306 0.058729 0.233667
