0 0.306211 0.254829 0.024661 0.068824
0 0.297914 0.841769 0.057911 0.214056
0 0.158469 0.827824 0.054354 0.191426
0 0.208839 0.621343 0.045854 0.141944
0 0.334672 0.615588 0.045583 0.159194
0 0.360820 0.449903 0.032797 0.120213
0 0.248435 0.468380 0.036172 0.113222
0 0.280839 0.349000 0.029427 0.088907
0 0.380831 0.324315 0.026828 0.095130
0 0.396667 0.227079 0.018885 0.072157
0 0.327516 0.178514 0.021073 0.059935
0 0.409388 0.149102 0.016859 0.058833
0 0.541255 0.104231 0.009521 0.055778
0 0.639753 0.073287 0.019516 0.062167
0 0.654424 0.152514 0.024818 0.077417
0 0.542583 0.184218 0.012125 0.071917
0 0.544992 0.285037 0.017755 0.098704
0 0.671766 0.255866 0.029448 0.101898
0 0.547219 0.418648 0.020229 0.131870
0 0.696648 0.396588 0.037495 0.138583
0 0.730393 0.594648 0.052203 0.198870
0 0.550247 0.604593 0.026568 0.185611
0 0.774672 0.868921 0.064323 0.261843
0 0.554906 0.868093 0.031229 0.263500
