0 0.271242 0.551065 0.040328 0.183944
0 0.820510 0.765009 0.047583 0.173204
0 0.700102 0.784282 0.050818 0.210602
0 0.777333 0.574542 0.040135 0.140398
0 0.667120 0.568787 0.039812 0.151907
0 0.740669 0.423778 0.033984 0.113167
0 0.641005 0.406995 0.031021 0.120843
0 0.687612 0.206176 0.024547 0.073370
0 0.711888 0.303755 0.028859 0.093028
0 0.621260 0.280019 0.027240 0.098296
0 0.457128 0.243005 0.016109 0.101898
0 0.457143 0.137986 0.011474 0.080713
0 0.603930 0.181542 0.020005 0.076731
0 0.669112 0.126597 0.020005 0.062731
0 0.590669 0.097824 0.016859 0.062741
0 0.457128 0.052630 0.009891 0.065537
0 0.348021 0.024319 0.021802 0.048639
0 0.333625 0.105977 0.023625 0.080324
0 0.317544 0.213468 0.026974 0.105898
0 0.458333 0.381532 0.021875 0.135231
0 0.295570 0.359657 0.034172 0.147167
0 0.461688 0.560014 0.028583 0.179972
0 0.463672 0.816056 0.032448 0.258519
0 0.232648 0.841912 0.062703 0.294324
