0 0.729578 0.598019 0.053990 0.197481
0 0.548771 0.607343 0.025635 0.181611
0 0.331823 0.618046 0.046260 0.161574
0 0.295310 0.847296 0.057911 0.216815
0 0.155292 0.829690 0.054417 0.185750
0 0.205784 0.625296 0.048203 0.144315
0 0.246482 0.470296 0.036443 0.113167
0 0.359094 0.454949 0.034010 0.124676
0 0.279120 0.351370 0.029427 0.090148
0 0.379323 0.326199 0.026458 0.096380
0 0.305367 0.256662 0.024724 0.071602
0 0.395260 0.230685 0.020979 0.075259
0 0.325682 0.181319 0.021708 0.057435
0 0.408362 0.151653 0.016432 0.059139
0 0.539786 0.106815 0.009885 0.058741
0 0.541219 0.186134 0.011708 0.072620
0 0.543547 0.286907 0.018240 0.097407
0 0.638083 0.076144 0.020135 0.060769
0 0.652130 0.153986 0.025448 0.077139
0 0.670479 0.259588 0.029031 0.101565
0 0.694437 0.399440 0.038521 0.140398
0 0.545982 0.421426 0.019776 0.131870
0 0.773273 0.869389 0.065255 0.259630
0 0.554401 0.870134 0.032240 0.259731
