0 0.629514 0.609047 0.031972 0.069135
0 0.258606 0.214271 0.027676 0.058833
0 0.513681 0.237997 0.023676 0.057443
0 0.617282 0.247154 0.023676 0.055776
0 0.763065 0.258117 0.022204 0.054391
0 0.907116 0.270604 0.024176 0.053833
0 0.914458 0.333813 0.024324 0.054729
0 0.769028 0.323021 0.021926 0.056271
0 0.775593 0.391232 0.021704 0.058828
0 0.923972 0.399500 0.024556 0.056688
0 0.934157 0.468596 0.023981 0.058391
0 0.779991 0.462044 0.021926 0.059932
0 0.623769 0.455781 0.024667 0.060510
0 0.515542 0.378734 0.023120 0.060385
0 0.621463 0.383872 0.021981 0.058776
0 0.618630 0.314005 0.024667 0.057813
0 0.515852 0.306779 0.023296 0.059932
0 0.254727 0.285346 0.027750 0.060318
0 0.251931 0.359253 0.026750 0.062630
0 0.247125 0.436349 0.023028 0.066833
0 0.243833 0.516594 0.022204 0.067760
0 0.236023 0.602388 0.023843 0.075161
0 0.517060 0.606898 0.026306 0.071224
0 0.517060 0.526076 0.023843 0.064984
0 0.516838 0.450341 0.021750 0.061047
0 0.626606 0.529651 0.029102 0.062990
0 0.786449 0.534367 0.024176 0.061328
0 0.944315 0.540057 0.027130 0.059938
