0 0.602380 0.281269 0.022927 0.099741
0 0.666070 0.835157 0.051641 0.248500
0 0.829745 0.829181 0.056490 0.228694
0 0.406503 0.581222 0.039620 0.175667
0 0.385995 0.846384 0.054531 0.275102
0 0.168094 0.846384 0.075510 0.275102
0 0.223792 0.574185 0.054531 0.181463
0 0.264674 0.390454 0.039651 0.131870
0 0.294870 0.255130 0.032125 0.099259
0 0.318474 0.152278 0.026458 0.077685
0 0.337354 0.073634 0.023219 0.061380
0 0.440661 0.082505 0.015135 0.058972
0 0.434052 0.164981 0.014865 0.076241
0 0.428117 0.266403 0.018641 0.101657
0 0.418544 0.400667 0.028078 0.130426
0 0.617081 0.412176 0.029130 0.129463
0 0.740346 0.424167 0.036682 0.126593
0 0.710406 0.293495 0.031292 0.096380
0 0.687750 0.193273 0.025354 0.075287
0 0.668732 0.113671 0.018609 0.061861
0 0.579857 0.100250 0.014568 0.058981
0 0.590104 0.181051 0.017802 0.074806
0 0.637276 0.587375 0.037219 0.168602
0 0.779370 0.593412 0.045635 0.161120
