0 0.749736 0.414737 0.024269 0.054922
0 0.082880 0.223216 0.029463 0.060703
0 0.077875 0.296060 0.028435 0.062630
0 0.345856 0.253185 0.024324 0.057234
0 0.450176 0.262146 0.024667 0.057042
0 0.593037 0.275828 0.022611 0.052802
0 0.732301 0.288451 0.024324 0.051453
0 0.347755 0.320344 0.025380 0.058969
0 0.452403 0.329208 0.025009 0.058583
0 0.599324 0.339227 0.022648 0.055307
0 0.740625 0.351271 0.023639 0.053188
0 0.605704 0.406708 0.020556 0.057490
0 0.455389 0.397716 0.025407 0.058776
0 0.350037 0.391693 0.022556 0.060542
0 0.073394 0.371219 0.033972 0.065198
0 0.067958 0.450487 0.034287 0.068089
0 0.351403 0.464026 0.025343 0.062437
0 0.459352 0.469904 0.026037 0.058776
0 0.612491 0.475974 0.021926 0.059354
0 0.760833 0.481273 0.025352 0.057620
0 0.771111 0.550167 0.030148 0.058583
0 0.619514 0.546891 0.024324 0.060896
0 0.463292 0.542940 0.027750 0.063016
0 0.352620 0.540820 0.022981 0.064557
0 0.060213 0.532823 0.029500 0.068219
0 0.050778 0.621604 0.040704 0.080010
0 0.353065 0.622854 0.026722 0.074229
0 0.466537 0.623083 0.030833 0.070531
