0 0.171766 0.844690 0.079198 0.276824
0 0.389898 0.842903 0.053693 0.273250
0 0.669109 0.830375 0.056375 0.252954
0 0.831198 0.820231 0.065104 0.225519
0 0.782536 0.586361 0.051010 0.168241
0 0.640250 0.582185 0.040271 0.174204
0 0.408940 0.577444 0.038453 0.176074
0 0.227359 0.573644 0.052823 0.176769
0 0.265620 0.390315 0.039229 0.131889
0 0.419430 0.399639 0.027578 0.129815
0 0.428362 0.264296 0.022141 0.103574
0 0.295721 0.256009 0.031849 0.098056
0 0.319026 0.151741 0.025635 0.074574
0 0.337865 0.070606 0.022917 0.062843
0 0.440596 0.080273 0.013984 0.061454
0 0.435161 0.161412 0.016312 0.077343
0 0.580232 0.094773 0.015151 0.061454
0 0.589943 0.175912 0.019031 0.075954
0 0.603148 0.276037 0.025245 0.098056
0 0.711708 0.286741 0.031073 0.095981
0 0.669219 0.106444 0.022219 0.061315
0 0.688609 0.184806 0.026542 0.076537
0 0.618805 0.407954 0.029401 0.126593
0 0.742883 0.416347 0.039109 0.128028
