0 0.828682 0.831866 0.062646 0.230694
0 0.386977 0.841657 0.052755 0.268148
0 0.167620 0.841565 0.075740 0.275519
0 0.224911 0.570537 0.051271 0.179537
0 0.265112 0.387556 0.040005 0.129815
0 0.418341 0.398259 0.027964 0.131889
0 0.427857 0.263606 0.021359 0.100120
0 0.296771 0.252556 0.031073 0.098741
0 0.320656 0.148292 0.028354 0.075269
0 0.435172 0.160764 0.017802 0.074324
0 0.339646 0.068014 0.022854 0.059269
0 0.441997 0.080722 0.012328 0.059667
0 0.581326 0.097847 0.014516 0.058546
0 0.670846 0.111444 0.019984 0.059667
0 0.591185 0.178745 0.016630 0.076324
0 0.688625 0.190731 0.026302 0.074722
0 0.603711 0.278370 0.024276 0.101852
0 0.712953 0.292468 0.031073 0.097824
0 0.618276 0.411579 0.029458 0.128898
0 0.741922 0.421935 0.038521 0.126593
0 0.637445 0.585870 0.039620 0.170556
0 0.405427 0.578398 0.040458 0.174352
0 0.778828 0.595880 0.047385 0.171241
0 0.666760 0.834852 0.049781 0.250574
