0 0.884144 0.402057 0.025898 0.056656
0 0.593486 0.609961 0.030787 0.068266
0 0.587241 0.457693 0.024667 0.058969
0 0.479940 0.452492 0.025491 0.061516
0 0.590935 0.531695 0.028778 0.063130
0 0.481375 0.528344 0.025083 0.064750
0 0.481787 0.609279 0.026722 0.070766
0 0.194565 0.604826 0.029648 0.075484
0 0.204931 0.518938 0.023731 0.067990
0 0.208875 0.438326 0.024713 0.068266
0 0.214792 0.360070 0.024713 0.062714
0 0.217259 0.285977 0.029648 0.062714
0 0.479569 0.308724 0.021787 0.057583
0 0.582347 0.315544 0.020972 0.056891
0 0.585014 0.386539 0.022194 0.058276
0 0.479361 0.380641 0.022204 0.059896
0 0.905315 0.541154 0.026315 0.059203
0 0.748884 0.536414 0.023435 0.062203
0 0.742102 0.464495 0.022204 0.058969
0 0.894421 0.469930 0.024250 0.058276
0 0.737995 0.394193 0.019731 0.058969
0 0.876005 0.337141 0.023120 0.054604
0 0.731264 0.325659 0.020843 0.054443
0 0.868477 0.273802 0.025491 0.054344
0 0.725963 0.260969 0.022611 0.053573
0 0.580704 0.248828 0.024667 0.057042
0 0.477583 0.240060 0.021926 0.056464
0 0.221509 0.213646 0.027130 0.060062
