0 0.588454 0.581034 0.027000 0.068734
0 0.479546 0.201422 0.023185 0.061052
0 0.585361 0.212245 0.023685 0.058271
0 0.732380 0.227091 0.020722 0.056328
0 0.877912 0.240411 0.023676 0.055781
0 0.735583 0.292859 0.020222 0.058000
0 0.882597 0.305622 0.024176 0.057443
0 0.888519 0.373333 0.023185 0.058000
0 0.739037 0.362927 0.018259 0.061052
0 0.740764 0.434523 0.019731 0.061047
0 0.895917 0.442570 0.024167 0.059943
0 0.902329 0.513612 0.024176 0.062161
0 0.746190 0.506674 0.021713 0.062161
0 0.584620 0.426198 0.023185 0.061052
0 0.215611 0.170758 0.030093 0.062995
0 0.475843 0.419398 0.024667 0.062995
0 0.478806 0.345445 0.021704 0.061047
0 0.585116 0.352938 0.023194 0.059937
0 0.478060 0.271906 0.024176 0.059938
0 0.585116 0.281203 0.023194 0.060771
0 0.210472 0.245268 0.028000 0.063359
0 0.205958 0.321846 0.025454 0.066266
0 0.198560 0.401935 0.023676 0.068599
0 0.192343 0.483685 0.024278 0.068932
0 0.183755 0.571430 0.027231 0.077255
0 0.473838 0.496174 0.027231 0.066599
0 0.472060 0.578922 0.026046 0.072927
0 0.586319 0.500667 0.027231 0.064937
