0 0.233338 0.214586 0.029065 0.059943
0 0.209065 0.604232 0.025519 0.075255
0 0.492727 0.608362 0.028417 0.069599
0 0.604912 0.610526 0.031380 0.069927
0 0.917190 0.540927 0.027231 0.060604
0 0.760310 0.536099 0.024861 0.061604
0 0.602542 0.530938 0.030194 0.063271
0 0.907639 0.469849 0.024667 0.057813
0 0.897199 0.401417 0.023676 0.056885
0 0.754380 0.464549 0.022204 0.059943
0 0.749690 0.393786 0.019731 0.059938
0 0.599222 0.457888 0.024667 0.059943
0 0.597255 0.385737 0.022694 0.059943
0 0.489954 0.379633 0.023185 0.060495
0 0.491926 0.452063 0.023185 0.061604
0 0.491926 0.528096 0.025167 0.064932
0 0.218102 0.518245 0.023241 0.066875
0 0.222093 0.438117 0.021741 0.065182
0 0.226046 0.359875 0.025704 0.064656
0 0.229495 0.285922 0.027676 0.061604
0 0.491481 0.308122 0.024667 0.058828
0 0.594588 0.315753 0.023676 0.057995
0 0.888861 0.335872 0.023185 0.054391
0 0.743574 0.324771 0.021704 0.056615
0 0.880968 0.272880 0.024176 0.053281
0 0.738148 0.259836 0.021704 0.054943
0 0.592616 0.248596 0.023676 0.057443
0 0.489505 0.239716 0.022694 0.057995
