0 0.472657 0.578732 0.024667 0.073078
0 0.588593 0.581505 0.024667 0.070760
0 0.474306 0.495945 0.024667 0.065214
0 0.585718 0.500914 0.027954 0.063130
0 0.745648 0.507451 0.023685 0.061880
0 0.902278 0.513971 0.026148 0.059943
0 0.895130 0.441820 0.021704 0.058828
0 0.741949 0.434331 0.021213 0.060495
0 0.585560 0.426281 0.023194 0.060500
0 0.476014 0.419344 0.023231 0.061052
0 0.476755 0.345667 0.022750 0.060219
0 0.584574 0.353438 0.023185 0.060771
0 0.738491 0.363151 0.019241 0.060219
0 0.888963 0.373141 0.022204 0.058000
0 0.882306 0.306818 0.024667 0.056333
0 0.734551 0.293081 0.021213 0.058828
0 0.731588 0.225924 0.021213 0.056609
0 0.876630 0.241328 0.020222 0.054115
0 0.584551 0.212466 0.022250 0.057995
0 0.478977 0.201784 0.023231 0.058276
0 0.215292 0.170841 0.027676 0.062995
0 0.208875 0.245906 0.028657 0.063823
0 0.203694 0.321523 0.030148 0.065766
0 0.199255 0.401862 0.025213 0.068818
0 0.191606 0.483862 0.023731 0.069099
0 0.477787 0.271875 0.023296 0.061281
0 0.584162 0.281318 0.022269 0.059740
0 0.181926 0.572026 0.026722 0.076542
