0 0.247032 0.135383 0.011676 0.037578
0 0.406801 0.359135 0.015213 0.044396
0 0.676602 0.318716 0.014796 0.038964
0 0.679264 0.275258 0.011843 0.037297
0 0.673389 0.362604 0.011963 0.038854
0 0.544194 0.359375 0.011370 0.038760
0 0.543764 0.317188 0.012528 0.037708
0 0.406435 0.314128 0.015833 0.033516
0 0.409681 0.271641 0.020139 0.037760
0 0.540838 0.187310 0.014843 0.034693
0 0.544384 0.100711 0.014731 0.036036
0 0.544042 0.146094 0.013361 0.034688
0 0.410102 0.140659 0.012204 0.035974
0 0.409079 0.184260 0.014565 0.036615
0 0.247032 0.179128 0.012361 0.036807
0 0.247546 0.090193 0.011333 0.038927
0 0.408736 0.095878 0.010991 0.036807
0 0.688120 0.105240 0.012370 0.038927
0 0.686579 0.148117 0.011343 0.036807
0 0.683843 0.191188 0.012685 0.036615
0 0.681005 0.232852 0.009602 0.036036
0 0.541019 0.273549 0.012593 0.035297
0 0.538870 0.229518 0.017315 0.035151
0 0.411037 0.227091 0.014796 0.036766
0 0.243583 0.356128 0.017759 0.045234
0 0.246097 0.309370 0.013565 0.035844
0 0.245685 0.265893 0.012741 0.036307
0 0.245894 0.222419 0.011509 0.037234
