0 0.741856 0.351086 0.025491 0.055036
0 0.751106 0.414914 0.025898 0.055964
0 0.607630 0.406820 0.021796 0.057349
0 0.456958 0.398263 0.023843 0.058276
0 0.351301 0.391904 0.027139 0.059891
0 0.350065 0.320448 0.026315 0.058969
0 0.453667 0.328888 0.026315 0.058734
0 0.600648 0.339755 0.022593 0.055500
0 0.734458 0.288880 0.025491 0.052260
0 0.594065 0.275583 0.022611 0.053417
0 0.452028 0.262633 0.024667 0.056193
0 0.346981 0.251880 0.025074 0.056885
0 0.352435 0.463878 0.022556 0.061828
0 0.461495 0.469419 0.024269 0.060057
0 0.085106 0.223784 0.028361 0.061745
0 0.056676 0.621953 0.032519 0.078396
0 0.353315 0.621836 0.025481 0.072151
0 0.467810 0.623456 0.030009 0.071224
0 0.771458 0.550312 0.027139 0.057812
0 0.620991 0.546956 0.023852 0.060818
0 0.465375 0.542872 0.029120 0.062953
0 0.353736 0.540948 0.024009 0.063917
0 0.062546 0.532552 0.032574 0.068990
0 0.079972 0.296315 0.031241 0.061536
0 0.075597 0.370794 0.031546 0.063984
0 0.069773 0.449807 0.030861 0.067833
0 0.761120 0.481625 0.024556 0.057813
0 0.613523 0.475841 0.022269 0.058776
