0 0.386997 0.347986 0.023693 0.100120
0 0.633352 0.081403 0.022026 0.059139
0 0.651987 0.156329 0.027422 0.074324
0 0.575130 0.610389 0.036896 0.181259
0 0.561560 0.426736 0.026974 0.131472
0 0.551219 0.295269 0.022479 0.099500
0 0.543352 0.195769 0.015286 0.073926
0 0.537284 0.117245 0.013036 0.059139
0 0.407247 0.171111 0.015172 0.059611
0 0.324453 0.205745 0.018917 0.062269
0 0.398070 0.249870 0.016297 0.075259
0 0.307224 0.284667 0.021542 0.071593
0 0.285234 0.382167 0.026802 0.093907
0 0.373984 0.477458 0.029521 0.132583
0 0.258820 0.504384 0.033016 0.121528
0 0.356701 0.645250 0.041557 0.168481
0 0.224057 0.665278 0.041948 0.151907
0 0.180167 0.878644 0.053604 0.196102
0 0.330677 0.882009 0.053208 0.235981
0 0.595573 0.870963 0.047000 0.258074
0 0.809005 0.853370 0.076906 0.268741
0 0.751133 0.581588 0.061370 0.187824
0 0.674911 0.256028 0.034167 0.098704
0 0.706495 0.392491 0.044281 0.132667
