0 0.338779 0.401912 0.020974 0.141694
0 0.357456 0.066458 0.012953 0.067157
0 0.463615 0.108449 0.013740 0.062435
0 0.583542 0.161394 0.020604 0.059935
0 0.648323 0.190532 0.021229 0.059380
0 0.600703 0.238213 0.021729 0.070926
0 0.670104 0.263523 0.024542 0.064269
0 0.695091 0.348468 0.028849 0.082250
0 0.622133 0.327991 0.029036 0.087907
0 0.648122 0.442602 0.034391 0.111481
0 0.726568 0.454593 0.033937 0.099500
0 0.471560 0.190505 0.016078 0.077694
0 0.481187 0.291819 0.022656 0.102139
0 0.494674 0.422009 0.026974 0.127556
0 0.512745 0.589120 0.041000 0.162556
0 0.535060 0.832931 0.047391 0.240991
0 0.681555 0.587431 0.043370 0.140398
0 0.764253 0.582542 0.041755 0.124861
0 0.722974 0.772722 0.051656 0.178148
0 0.810951 0.745787 0.048161 0.149148
0 0.319203 0.871861 0.035885 0.256278
0 0.330156 0.598296 0.030760 0.196389
0 0.347130 0.257940 0.018125 0.107028
0 0.352635 0.150630 0.017479 0.078833
