0 0.265384 0.283922 0.027139 0.060771
0 0.269727 0.212232 0.027750 0.059547
0 0.524042 0.236664 0.023676 0.056609
0 0.628630 0.245547 0.023685 0.055500
0 0.773667 0.256505 0.021704 0.054667
0 0.919204 0.268161 0.023685 0.052448
0 0.779093 0.321857 0.020722 0.056057
0 0.925370 0.331987 0.027130 0.055224
0 0.785509 0.390263 0.021704 0.059661
0 0.934250 0.397893 0.027130 0.056609
0 0.789949 0.461164 0.022694 0.059943
0 0.944856 0.466990 0.025657 0.059937
0 0.954722 0.538307 0.027630 0.058833
0 0.797102 0.533453 0.026148 0.061885
0 0.639718 0.608240 0.028139 0.069375
0 0.527713 0.606714 0.024222 0.071875
0 0.636495 0.528318 0.024713 0.061604
0 0.526731 0.525542 0.025204 0.063271
0 0.525005 0.450896 0.023731 0.059938
0 0.632801 0.454919 0.022250 0.060776
0 0.525519 0.377078 0.024667 0.059385
0 0.632824 0.382630 0.023185 0.059385
0 0.525519 0.305484 0.024667 0.058833
0 0.628875 0.312701 0.023194 0.058828
0 0.262921 0.358016 0.025157 0.062437
0 0.257986 0.435576 0.024176 0.066599
0 0.254532 0.515083 0.021213 0.066323
0 0.246639 0.600969 0.027130 0.075479
