0 0.409719 0.577097 0.040396 0.179528
0 0.174534 0.844324 0.073411 0.270685
0 0.391464 0.840870 0.052823 0.266537
0 0.830680 0.811870 0.062922 0.220963
0 0.670810 0.829343 0.055151 0.249963
0 0.782706 0.583347 0.050495 0.162843
0 0.639638 0.581329 0.041432 0.169176
0 0.743828 0.413792 0.038885 0.125880
0 0.618740 0.404995 0.031469 0.127472
0 0.712924 0.282718 0.032370 0.096306
0 0.602669 0.274731 0.026297 0.100296
0 0.688628 0.182731 0.027161 0.075259
0 0.590289 0.173241 0.018922 0.074259
0 0.669521 0.102648 0.020792 0.060278
0 0.579893 0.091991 0.015359 0.058278
0 0.336443 0.071912 0.022479 0.060602
0 0.439654 0.078407 0.013484 0.060278
0 0.434404 0.160431 0.015943 0.074806
0 0.318331 0.152597 0.025099 0.075917
0 0.427198 0.263259 0.021750 0.098741
0 0.295331 0.257389 0.029130 0.098056
0 0.419039 0.397565 0.026411 0.132574
0 0.266591 0.391005 0.038453 0.129120
0 0.228719 0.575028 0.051271 0.178148
