0 0.741604 0.421181 0.037542 0.125472
0 0.338576 0.069764 0.022651 0.061046
0 0.441477 0.080037 0.012943 0.057278
0 0.581495 0.096685 0.015344 0.059278
0 0.670292 0.110505 0.020604 0.060935
0 0.590833 0.178935 0.017417 0.075593
0 0.689266 0.190093 0.024729 0.073926
0 0.603083 0.278773 0.023417 0.098565
0 0.712474 0.290093 0.029781 0.095241
0 0.617977 0.410597 0.028547 0.127472
0 0.637794 0.586972 0.040786 0.173315
0 0.780148 0.591116 0.045057 0.166417
0 0.665956 0.835903 0.052047 0.254102
0 0.828310 0.826236 0.048161 0.225102
0 0.388125 0.839282 0.052823 0.269991
0 0.169253 0.844468 0.076516 0.274824
0 0.225185 0.570676 0.054766 0.180222
0 0.407349 0.577926 0.040781 0.179537
0 0.419000 0.398736 0.028354 0.126361
0 0.266357 0.389764 0.041557 0.133269
0 0.295721 0.254796 0.030214 0.097815
0 0.427484 0.263426 0.022385 0.100704
0 0.435982 0.161051 0.017266 0.076250
0 0.319188 0.150741 0.026969 0.071926
