0 0.774810 0.592495 0.055464 0.199694
0 0.821187 0.869667 0.065250 0.260185
0 0.594898 0.863574 0.034953 0.272852
0 0.357768 0.166315 0.019682 0.057611
0 0.439979 0.136870 0.015958 0.058741
0 0.428177 0.215185 0.019781 0.073130
0 0.573495 0.091514 0.011010 0.059139
0 0.576081 0.172431 0.012141 0.075528
0 0.676328 0.061741 0.020677 0.061944
0 0.692063 0.142463 0.025625 0.077926
0 0.579786 0.275130 0.018656 0.100296
0 0.711956 0.248153 0.031245 0.103898
0 0.583609 0.408995 0.021802 0.132269
0 0.737245 0.392412 0.040010 0.140657
0 0.337130 0.824222 0.058583 0.229019
0 0.202479 0.794009 0.049521 0.181259
0 0.338391 0.241944 0.025625 0.070963
0 0.413771 0.311282 0.026729 0.093991
0 0.314643 0.334065 0.027536 0.085833
0 0.395542 0.436097 0.031854 0.120843
0 0.285234 0.449565 0.034958 0.110481
0 0.248099 0.597880 0.043396 0.139204
0 0.372081 0.597468 0.044328 0.158269
0 0.588839 0.595398 0.028427 0.182296
