0 0.755269 0.450508 0.042426 0.098516
0 0.314667 0.559260 0.031574 0.097958
0 0.614949 0.561255 0.051861 0.092708
0 0.776921 0.557258 0.036231 0.096703
0 0.696940 0.192039 0.027750 0.044516
0 0.681255 0.123607 0.024324 0.043745
0 0.294361 0.128484 0.020556 0.042010
0 0.297958 0.199401 0.023639 0.050875
0 0.300759 0.277956 0.025407 0.061036
0 0.714519 0.269049 0.027130 0.057161
0 0.731315 0.352703 0.034815 0.068333
0 0.307560 0.358557 0.030009 0.062208
0 0.311019 0.451201 0.026148 0.077141
0 0.596662 0.454810 0.046861 0.099901
