0 0.697076 0.245602 0.025099 0.072593
0 0.468914 0.177546 0.011599 0.076722
0 0.350503 0.142301 0.024005 0.075287
0 0.332836 0.247556 0.026974 0.100704
0 0.468456 0.278481 0.016182 0.099741
0 0.469578 0.412671 0.021365 0.130620
0 0.309521 0.385921 0.034635 0.138102
0 0.471846 0.593532 0.028391 0.178157
0 0.278609 0.579380 0.050531 0.189889
0 0.238799 0.860981 0.065682 0.278037
0 0.471068 0.860069 0.035385 0.276213
0 0.841128 0.814380 0.051464 0.185870
0 0.717807 0.832792 0.056000 0.222694
0 0.792133 0.613384 0.043964 0.143380
0 0.679521 0.607148 0.043156 0.157759
0 0.752753 0.460417 0.036411 0.118444
0 0.651872 0.441958 0.032099 0.119880
0 0.721427 0.341176 0.030344 0.091241
0 0.630956 0.316537 0.025474 0.095241
0 0.613724 0.219463 0.020229 0.072926
0 0.676661 0.167829 0.020979 0.058231
0 0.599862 0.140380 0.015734 0.058611
0 0.469302 0.096588 0.010115 0.060269
0 0.363518 0.061884 0.019443 0.062343
