0 0.476338 0.419398 0.023676 0.062161
0 0.587153 0.581255 0.027231 0.070927
0 0.472597 0.579255 0.025454 0.073594
0 0.474671 0.496672 0.026046 0.065604
0 0.585968 0.500833 0.028417 0.062604
0 0.184347 0.572294 0.027231 0.078255
0 0.193231 0.484716 0.023685 0.069599
0 0.198560 0.401299 0.023676 0.070599
0 0.206551 0.321880 0.026639 0.066271
0 0.211009 0.246424 0.027593 0.064516
0 0.584375 0.281896 0.022694 0.060219
0 0.477324 0.272047 0.025648 0.059937
0 0.585856 0.352799 0.022694 0.062161
0 0.478310 0.345445 0.022694 0.061328
0 0.586102 0.425227 0.026148 0.059943
0 0.903069 0.514029 0.026639 0.060495
0 0.746440 0.507089 0.025157 0.062719
0 0.896657 0.441599 0.021704 0.059937
0 0.742241 0.434107 0.021704 0.060495
0 0.889755 0.372779 0.022694 0.058276
0 0.739287 0.362789 0.017759 0.061047
0 0.882083 0.305448 0.022611 0.055500
0 0.735796 0.292151 0.019870 0.058198
0 0.877301 0.240255 0.023435 0.055146
0 0.732023 0.225667 0.021306 0.056344
0 0.583907 0.211885 0.022019 0.060740
0 0.477699 0.201492 0.022731 0.059943
0 0.214815 0.171523 0.028481 0.061536
