0 0.470297 0.277972 0.016667 0.098241
0 0.365242 0.062954 0.019682 0.059944
0 0.351477 0.143204 0.023995 0.075259
0 0.334414 0.246213 0.025922 0.103093
0 0.311891 0.384556 0.034281 0.134259
0 0.282089 0.579245 0.047500 0.187972
0 0.239966 0.861005 0.063391 0.277991
0 0.475589 0.857903 0.036802 0.275102
0 0.472898 0.593125 0.028193 0.177806
0 0.471602 0.414745 0.021068 0.131769
0 0.470909 0.177338 0.010880 0.079583
0 0.470487 0.095412 0.010286 0.058972
0 0.601250 0.139491 0.015740 0.058963
0 0.678156 0.166917 0.019854 0.059278
0 0.615313 0.218861 0.019667 0.073259
0 0.631893 0.316935 0.026974 0.094907
0 0.699044 0.245171 0.024911 0.071935
0 0.723115 0.339912 0.029594 0.090250
0 0.653682 0.441426 0.031292 0.121315
0 0.754560 0.460370 0.036141 0.117000
0 0.681732 0.606861 0.042620 0.158722
0 0.793672 0.614292 0.044240 0.147694
0 0.718810 0.832792 0.054703 0.225565
0 0.841807 0.814093 0.051469 0.185870
