0 0.454102 0.261849 0.022981 0.056427
0 0.596463 0.274818 0.021889 0.052323
0 0.736407 0.288932 0.023296 0.051646
0 0.744458 0.351370 0.023639 0.053188
0 0.603653 0.339518 0.022269 0.054151
0 0.351676 0.319669 0.023981 0.059161
0 0.455481 0.328727 0.023296 0.057620
0 0.082894 0.295388 0.028472 0.060318
0 0.078074 0.370120 0.032889 0.063823
0 0.071500 0.449672 0.032889 0.067062
0 0.064306 0.531648 0.034944 0.068682
0 0.056287 0.619870 0.036185 0.077240
0 0.356190 0.621143 0.025898 0.071453
0 0.469245 0.622182 0.027546 0.070760
0 0.356398 0.539857 0.023852 0.064286
0 0.466782 0.542633 0.029194 0.063828
0 0.355370 0.463776 0.024259 0.061979
0 0.463079 0.468401 0.025898 0.058271
0 0.354546 0.391628 0.025074 0.059661
0 0.460616 0.397523 0.023435 0.058047
0 0.610009 0.406549 0.021981 0.056849
0 0.753472 0.414898 0.024556 0.055568
0 0.615097 0.475607 0.021583 0.058391
0 0.763954 0.481773 0.025352 0.056464
0 0.622806 0.546812 0.021926 0.060896
0 0.773375 0.550667 0.027750 0.057813
0 0.087315 0.222563 0.029833 0.060510
0 0.351116 0.251440 0.022565 0.057349
