0 0.772760 0.869417 0.065250 0.261167
0 0.156891 0.825481 0.051823 0.181833
0 0.695328 0.398032 0.037760 0.138583
0 0.546641 0.419792 0.020573 0.133287
0 0.671297 0.256546 0.028771 0.102704
0 0.544297 0.286319 0.017531 0.099898
0 0.653763 0.152449 0.023828 0.077528
0 0.639151 0.075528 0.019781 0.063537
0 0.541823 0.184417 0.011688 0.075926
0 0.540701 0.104898 0.010786 0.059148
0 0.408755 0.150255 0.017083 0.060343
0 0.326151 0.179426 0.021354 0.059537
0 0.396055 0.229171 0.020005 0.074324
0 0.305695 0.255750 0.025401 0.073130
0 0.379422 0.325278 0.026750 0.093907
0 0.279510 0.349653 0.029219 0.090713
0 0.358070 0.451352 0.033495 0.123074
0 0.247594 0.468338 0.036865 0.112287
0 0.206721 0.622130 0.045641 0.144426
0 0.333117 0.616662 0.045964 0.161120
0 0.549495 0.604870 0.026219 0.181259
0 0.729135 0.596231 0.053406 0.197370
0 0.553229 0.868509 0.031698 0.262667
0 0.296643 0.842407 0.058266 0.215444
