0 0.888833 0.372068 0.020556 0.056656
0 0.472264 0.578047 0.027676 0.072979
0 0.585977 0.581516 0.029157 0.071042
0 0.902528 0.514500 0.022685 0.060219
0 0.746144 0.507422 0.022694 0.063271
0 0.585606 0.500635 0.030546 0.063937
0 0.474611 0.495641 0.024278 0.065937
0 0.181546 0.571219 0.024222 0.077698
0 0.193875 0.482974 0.022250 0.069375
0 0.475838 0.418125 0.024324 0.062437
0 0.584269 0.425255 0.021926 0.060510
0 0.742204 0.434120 0.018500 0.060125
0 0.896500 0.442807 0.023296 0.059354
0 0.739634 0.362625 0.019528 0.060125
0 0.584917 0.351813 0.021130 0.060365
0 0.477630 0.344458 0.022500 0.063937
0 0.198472 0.400734 0.026704 0.069927
0 0.204394 0.319982 0.029065 0.066266
0 0.211792 0.244109 0.028824 0.064750
0 0.479565 0.270891 0.022611 0.061052
0 0.585431 0.280372 0.021380 0.060589
0 0.737542 0.291703 0.019731 0.057354
0 0.882866 0.305833 0.023435 0.056656
0 0.878551 0.240495 0.021713 0.055219
0 0.733269 0.225648 0.019241 0.056057
0 0.585241 0.211219 0.023241 0.059385
0 0.479912 0.200810 0.024713 0.059109
0 0.216310 0.170318 0.031287 0.063365
