0 0.297552 0.843069 0.057844 0.215435
0 0.774857 0.869333 0.064318 0.261333
0 0.554396 0.868505 0.030760 0.262991
0 0.332977 0.615616 0.045724 0.161583
0 0.549734 0.604014 0.027031 0.181472
0 0.695182 0.398347 0.037219 0.140972
0 0.546937 0.418199 0.020396 0.133491
0 0.671833 0.256685 0.028094 0.101056
0 0.544609 0.285060 0.018208 0.099546
0 0.542581 0.184833 0.011984 0.073593
0 0.654034 0.152532 0.024724 0.076917
0 0.639815 0.073843 0.019672 0.061611
0 0.730810 0.594898 0.053599 0.198037
0 0.541083 0.104509 0.010146 0.058000
0 0.409289 0.149037 0.015922 0.058278
0 0.327151 0.178671 0.022104 0.060269
0 0.306081 0.254926 0.024911 0.071593
0 0.395990 0.227620 0.019667 0.073593
0 0.379930 0.325287 0.027245 0.096389
0 0.279727 0.349264 0.029130 0.087750
0 0.359971 0.450681 0.034255 0.121806
0 0.248169 0.468185 0.037224 0.112685
0 0.207531 0.621606 0.047500 0.143417
0 0.157724 0.823597 0.054115 0.184787
