0 0.731930 0.593241 0.050807 0.197204
0 0.776674 0.867880 0.062922 0.264241
0 0.555513 0.866639 0.030766 0.266722
0 0.697513 0.395296 0.038839 0.139537
0 0.548620 0.415676 0.021042 0.133315
0 0.674242 0.252866 0.028661 0.100565
0 0.546307 0.282005 0.017792 0.100231
0 0.543703 0.179602 0.011990 0.072593
0 0.656279 0.147806 0.025099 0.075593
0 0.542768 0.100019 0.009370 0.058611
0 0.641669 0.069032 0.019109 0.063231
0 0.410669 0.144491 0.016234 0.057722
0 0.328328 0.174463 0.021385 0.058833
0 0.397573 0.223912 0.020229 0.074806
0 0.307211 0.252208 0.025089 0.071935
0 0.381388 0.321741 0.027245 0.095907
0 0.281182 0.346912 0.030750 0.092546
0 0.361128 0.448801 0.035734 0.125676
0 0.250042 0.465296 0.036417 0.112685
0 0.208948 0.619343 0.047125 0.148315
0 0.159310 0.829398 0.056911 0.198870
0 0.297042 0.849699 0.061104 0.232843
0 0.335727 0.613130 0.047120 0.162407
0 0.551784 0.601116 0.027036 0.183120
