0 0.453236 0.241227 0.024269 0.055943
0 0.196958 0.215076 0.028120 0.059661
0 0.571106 0.611557 0.033157 0.069594
0 0.458625 0.610724 0.028417 0.071260
0 0.880083 0.541776 0.026148 0.059385
0 0.725176 0.537198 0.022204 0.061885
0 0.568046 0.532482 0.029593 0.062995
0 0.458282 0.529289 0.024176 0.062161
0 0.457537 0.453531 0.021704 0.061604
0 0.564593 0.459500 0.025648 0.060219
0 0.869722 0.471570 0.025167 0.058276
0 0.718759 0.465742 0.023185 0.058828
0 0.859856 0.403583 0.027139 0.055500
0 0.714319 0.394841 0.020231 0.059109
0 0.562301 0.386906 0.023639 0.059740
0 0.455926 0.381526 0.022611 0.060510
0 0.172921 0.606229 0.027824 0.075927
0 0.181213 0.520482 0.021907 0.068266
0 0.185949 0.439063 0.024269 0.066604
0 0.190389 0.361141 0.026056 0.063937
0 0.192458 0.287547 0.027824 0.061937
0 0.455903 0.310023 0.024269 0.058276
0 0.558912 0.318018 0.025454 0.059609
0 0.707157 0.326914 0.021241 0.054922
0 0.851560 0.338862 0.025694 0.054151
0 0.843958 0.274859 0.024269 0.053281
0 0.701287 0.262539 0.023093 0.054609
0 0.557431 0.250383 0.025454 0.055609
