0 0.728839 0.597051 0.053208 0.198176
0 0.545844 0.420236 0.020229 0.133787
0 0.669878 0.258458 0.028849 0.102898
0 0.543068 0.287431 0.017229 0.098231
0 0.653193 0.155954 0.023417 0.074648
0 0.541193 0.187731 0.012021 0.074370
0 0.539557 0.107667 0.010927 0.056333
0 0.637740 0.077977 0.020292 0.059657
0 0.325799 0.181458 0.022474 0.058269
0 0.408372 0.152319 0.016234 0.058269
0 0.395372 0.229856 0.019578 0.075528
0 0.304672 0.258028 0.025198 0.070333
0 0.278487 0.352731 0.029016 0.090315
0 0.378961 0.326755 0.025870 0.094306
0 0.358846 0.453833 0.035089 0.123074
0 0.246008 0.471014 0.037786 0.114287
0 0.205771 0.626060 0.048125 0.145454
0 0.155542 0.827343 0.053990 0.185056
0 0.295758 0.848056 0.058651 0.216815
0 0.332073 0.618806 0.045833 0.160204
0 0.548615 0.607412 0.025250 0.181602
0 0.693924 0.399852 0.038568 0.140019
0 0.772341 0.870495 0.063307 0.257565
0 0.552695 0.868769 0.030297 0.261019
