0 0.252685 0.561079 0.053599 0.185750
0 0.449576 0.399944 0.022661 0.130907
0 0.288279 0.370458 0.037224 0.138102
0 0.351135 0.046065 0.020604 0.061333
0 0.457784 0.079273 0.010797 0.059657
0 0.590758 0.123727 0.015734 0.059602
0 0.670646 0.153366 0.019667 0.062269
0 0.603401 0.204815 0.019292 0.073926
0 0.689940 0.231787 0.023786 0.071926
0 0.455398 0.161343 0.012349 0.075481
0 0.335203 0.126648 0.026083 0.075481
0 0.314469 0.230690 0.030344 0.102565
0 0.452427 0.263486 0.017792 0.100231
0 0.617956 0.303782 0.024724 0.098231
0 0.712268 0.327259 0.029411 0.093907
0 0.637062 0.430375 0.030344 0.123880
0 0.740458 0.451556 0.033938 0.117481
0 0.660159 0.596870 0.041755 0.163426
0 0.778302 0.606366 0.043698 0.152491
0 0.692852 0.825315 0.053411 0.227870
0 0.823940 0.809773 0.051464 0.193343
0 0.438570 0.844972 0.044276 0.279241
0 0.202260 0.852264 0.075042 0.295472
0 0.446698 0.580412 0.033792 0.177454
