0 0.166982 0.839972 0.076557 0.268611
0 0.387016 0.843083 0.054417 0.270685
0 0.665698 0.836440 0.051458 0.256546
0 0.828180 0.821523 0.060964 0.222731
0 0.639302 0.588833 0.038302 0.168796
0 0.781049 0.595065 0.049359 0.166870
0 0.740318 0.422917 0.035875 0.122759
0 0.407797 0.580620 0.040823 0.177463
0 0.617188 0.413324 0.028594 0.130426
0 0.603297 0.281218 0.023469 0.098306
0 0.711323 0.292968 0.029667 0.096861
0 0.591021 0.180037 0.017802 0.077204
0 0.689068 0.193708 0.025625 0.073843
0 0.669651 0.113389 0.020771 0.062815
0 0.580234 0.099000 0.014563 0.058981
0 0.441187 0.081977 0.012677 0.060417
0 0.435255 0.163255 0.015375 0.078157
0 0.338419 0.071431 0.021849 0.061380
0 0.319674 0.151745 0.026974 0.075287
0 0.294857 0.254847 0.031828 0.097343
0 0.264471 0.388310 0.040047 0.131194
0 0.224659 0.570954 0.053641 0.177463
0 0.427604 0.265056 0.022177 0.102889
0 0.418477 0.400051 0.028005 0.131194
