0 0.734894 0.436586 0.028139 0.094943
0 0.722963 0.338763 0.026426 0.064255
0 0.306523 0.321740 0.028991 0.070490
0 0.600204 0.540643 0.045185 0.095901
0 0.746829 0.537286 0.029843 0.090146
0 0.301407 0.528896 0.028981 0.115563
0 0.305667 0.417885 0.028981 0.082479
0 0.589968 0.434188 0.038361 0.100698
0 0.305667 0.236146 0.027278 0.069052
0 0.714861 0.259404 0.027278 0.059943
0 0.705056 0.183159 0.023019 0.054182
0 0.697319 0.114393 0.019528 0.049141
0 0.307083 0.074628 0.024296 0.051568
0 0.306051 0.150224 0.027157 0.055781
