0 0.587833 0.210331 0.023185 0.058276
0 0.218324 0.168844 0.029111 0.062990
0 0.735338 0.225177 0.021213 0.056885
0 0.880620 0.239885 0.024667 0.054667
0 0.884269 0.305417 0.024667 0.058042
0 0.738319 0.291542 0.019731 0.058042
0 0.586843 0.280370 0.024667 0.060219
0 0.479792 0.270935 0.025657 0.061328
0 0.212403 0.243464 0.030583 0.066323
0 0.205495 0.318805 0.029602 0.066599
0 0.200810 0.398724 0.028120 0.068823
0 0.476829 0.417318 0.023676 0.063823
0 0.586347 0.350716 0.025657 0.062714
0 0.479051 0.343919 0.024176 0.062995
0 0.481759 0.198953 0.023185 0.059385
0 0.741750 0.362372 0.018741 0.061047
0 0.889995 0.372086 0.021213 0.058276
0 0.742741 0.433552 0.017759 0.062437
0 0.896907 0.441599 0.023185 0.060771
0 0.585856 0.424669 0.021713 0.061328
0 0.193556 0.481198 0.026148 0.069656
0 0.475745 0.494797 0.025157 0.065771
0 0.586250 0.499513 0.030093 0.064099
0 0.746338 0.506453 0.021713 0.062437
0 0.904204 0.512557 0.025648 0.062437
0 0.181917 0.569997 0.027630 0.078255
0 0.472491 0.575966 0.028611 0.071870
0 0.586944 0.579987 0.027630 0.070484
