0 0.590552 0.173944 0.017979 0.073259
0 0.669677 0.826292 0.053406 0.242250
0 0.783125 0.585764 0.048552 0.162843
0 0.640060 0.582597 0.040141 0.169176
0 0.832000 0.813171 0.064740 0.216009
0 0.742661 0.415069 0.039115 0.125880
0 0.619708 0.407278 0.031021 0.126278
0 0.712654 0.284602 0.031245 0.095907
0 0.603526 0.276009 0.025177 0.097907
0 0.688518 0.184102 0.026974 0.074259
0 0.670234 0.104944 0.021542 0.059611
0 0.580888 0.093292 0.015172 0.058935
0 0.434987 0.161120 0.015734 0.074259
0 0.440138 0.078870 0.013297 0.058944
0 0.336555 0.071713 0.022286 0.059944
0 0.318385 0.152296 0.025667 0.074593
0 0.427365 0.263093 0.021333 0.100222
0 0.419229 0.399088 0.027781 0.128991
0 0.408737 0.577468 0.039651 0.175509
0 0.391471 0.842074 0.051786 0.271778
0 0.175599 0.839815 0.071885 0.265278
0 0.228128 0.573389 0.052328 0.175500
0 0.266484 0.390023 0.038031 0.128028
0 0.296188 0.256329 0.031844 0.098898
