0 0.224546 0.603831 0.019537 0.075589
0 0.246157 0.214326 0.028000 0.059203
0 0.501833 0.239693 0.023296 0.056656
0 0.605440 0.248542 0.023639 0.055500
0 0.750185 0.259430 0.021926 0.054536
0 0.894759 0.271763 0.023981 0.054151
0 0.756949 0.325396 0.021787 0.055500
0 0.901472 0.335109 0.022981 0.054573
0 0.910741 0.401245 0.025074 0.056885
0 0.763157 0.393268 0.018500 0.059432
0 0.609148 0.385521 0.022204 0.058740
0 0.502694 0.308401 0.022241 0.058969
0 0.606912 0.315221 0.023472 0.059203
0 0.504542 0.379740 0.025120 0.060583
0 0.239560 0.360312 0.026306 0.062437
0 0.242667 0.286083 0.026759 0.062896
0 0.234222 0.437818 0.025389 0.067062
0 0.232852 0.517503 0.019907 0.066099
0 0.504852 0.527458 0.025648 0.063823
0 0.504111 0.452255 0.025167 0.062156
0 0.611167 0.456971 0.026148 0.060495
0 0.767551 0.463354 0.022194 0.058833
0 0.920736 0.469599 0.026639 0.061323
0 0.614616 0.530956 0.029602 0.064286
0 0.773306 0.535927 0.024667 0.062208
0 0.930148 0.541016 0.025907 0.059896
0 0.618935 0.609833 0.032889 0.069375
0 0.505264 0.608911 0.025083 0.071688
