0 0.775438 0.607435 0.041542 0.148648
0 0.820815 0.810005 0.053214 0.191269
0 0.689724 0.825889 0.051271 0.225796
0 0.349339 0.046065 0.020135 0.060778
0 0.332604 0.126718 0.026750 0.077120
0 0.311362 0.231810 0.029672 0.101898
0 0.285625 0.371074 0.038885 0.136667
0 0.251328 0.563889 0.053750 0.188926
0 0.200154 0.851551 0.078922 0.296898
0 0.437021 0.844292 0.042563 0.278417
0 0.443589 0.582884 0.031719 0.175509
0 0.447747 0.399213 0.023016 0.134074
0 0.451036 0.263741 0.018427 0.101500
0 0.453734 0.161560 0.013115 0.077417
0 0.456076 0.079977 0.011547 0.061324
0 0.589070 0.125093 0.016297 0.060611
0 0.668026 0.153727 0.019479 0.063269
0 0.601622 0.206009 0.018547 0.074593
0 0.687505 0.232472 0.024729 0.070241
0 0.616232 0.303417 0.024911 0.094907
0 0.709419 0.328722 0.028474 0.092907
0 0.634344 0.431093 0.031469 0.123074
0 0.737740 0.451074 0.034615 0.116685
0 0.658375 0.596407 0.039917 0.159204
