0 0.792188 0.614486 0.043969 0.145287
0 0.840003 0.813597 0.048943 0.185750
0 0.470911 0.594204 0.028052 0.176463
0 0.471672 0.859111 0.035792 0.274444
0 0.237880 0.861940 0.063760 0.276120
0 0.279117 0.579153 0.049870 0.186435
0 0.308938 0.385514 0.034958 0.136380
0 0.332599 0.248157 0.027833 0.103000
0 0.350401 0.142856 0.022656 0.077676
0 0.363464 0.062301 0.019104 0.061546
0 0.469276 0.095593 0.010406 0.057815
0 0.468656 0.177796 0.011240 0.075481
0 0.468901 0.279773 0.016125 0.099231
0 0.599023 0.140324 0.016130 0.059204
0 0.675510 0.168074 0.020292 0.060130
0 0.613141 0.219065 0.019292 0.073593
0 0.696589 0.245537 0.023604 0.071259
0 0.629690 0.316324 0.025849 0.093907
0 0.720836 0.339704 0.030120 0.091111
0 0.469557 0.412875 0.020906 0.129472
0 0.652034 0.442000 0.031828 0.121315
0 0.751701 0.462384 0.037495 0.116046
0 0.679307 0.606810 0.043156 0.156806
0 0.717458 0.831898 0.052437 0.226481
