0 0.842768 0.806278 0.055464 0.176500
0 0.677771 0.609486 0.045208 0.157435
0 0.792195 0.609065 0.048474 0.143352
0 0.716922 0.830310 0.058260 0.222898
0 0.748305 0.458736 0.039380 0.112213
0 0.647560 0.443347 0.034797 0.119880
0 0.466310 0.425106 0.021036 0.129472
0 0.463089 0.192894 0.011063 0.074324
0 0.344812 0.166519 0.022115 0.071444
0 0.328357 0.271532 0.026974 0.099269
0 0.462953 0.292870 0.015646 0.100704
0 0.715693 0.339384 0.030750 0.088231
0 0.624253 0.321162 0.026974 0.093991
0 0.690094 0.247366 0.025083 0.069046
0 0.605534 0.226981 0.019964 0.072407
0 0.668229 0.171880 0.021354 0.057278
0 0.591299 0.148907 0.016391 0.057722
0 0.461841 0.112426 0.009724 0.059944
0 0.358003 0.087023 0.019422 0.061880
0 0.306664 0.406801 0.033557 0.138380
0 0.279164 0.599454 0.044745 0.188926
0 0.470497 0.604014 0.029359 0.178157
0 0.474693 0.866019 0.036823 0.267963
0 0.240245 0.870991 0.061990 0.258019
