0 0.693204 0.130844 0.023870 0.045073
0 0.289556 0.537479 0.031537 0.113167
0 0.590060 0.551622 0.039213 0.094464
0 0.736685 0.552823 0.028981 0.092073
0 0.583236 0.445411 0.035806 0.099740
0 0.297657 0.426948 0.028981 0.081042
0 0.727731 0.448526 0.029833 0.094469
0 0.718782 0.350945 0.027287 0.064255
0 0.301491 0.332964 0.028130 0.070490
0 0.302769 0.249047 0.027278 0.068573
0 0.710685 0.271823 0.024722 0.058500
0 0.307866 0.167529 0.027231 0.062818
0 0.702157 0.199654 0.024722 0.052266
0 0.309167 0.091763 0.024722 0.048432
