0 0.526560 0.254469 0.022843 0.055729
0 0.165722 0.217865 0.028778 0.058510
0 0.423787 0.244911 0.023981 0.057813
0 0.670167 0.266112 0.021130 0.052995
0 0.811630 0.279602 0.023130 0.052349
0 0.677111 0.331000 0.021926 0.055115
0 0.818773 0.342273 0.024324 0.052995
0 0.528597 0.320883 0.022954 0.058391
0 0.425130 0.312789 0.024333 0.057620
0 0.161657 0.290242 0.027778 0.060318
0 0.159773 0.364820 0.027435 0.061474
0 0.151421 0.442154 0.030009 0.067755
0 0.427481 0.455914 0.022204 0.061047
0 0.534782 0.461464 0.023843 0.059667
0 0.688227 0.468544 0.021213 0.058276
0 0.837745 0.473930 0.023639 0.056849
0 0.683394 0.398505 0.018806 0.057427
0 0.827949 0.406503 0.023639 0.054536
0 0.531440 0.390474 0.023694 0.058458
0 0.425667 0.384208 0.023981 0.059740
0 0.150144 0.523690 0.021620 0.068026
0 0.141750 0.611182 0.025389 0.076115
0 0.429546 0.613203 0.026037 0.071688
0 0.539005 0.614359 0.025694 0.068990
0 0.428671 0.532018 0.024250 0.063828
0 0.538023 0.535372 0.029194 0.063130
0 0.694866 0.539883 0.023843 0.061974
0 0.849037 0.543812 0.026315 0.058271
