0 0.722880 0.339824 0.028094 0.089907
0 0.653195 0.442097 0.032370 0.122750
0 0.753669 0.461042 0.036411 0.115565
0 0.631284 0.315648 0.026526 0.095111
0 0.698268 0.245718 0.025172 0.071120
0 0.678148 0.168394 0.020005 0.060343
0 0.614763 0.219944 0.019557 0.072333
0 0.600716 0.140023 0.016182 0.057935
0 0.469997 0.177606 0.011036 0.075491
0 0.469997 0.095866 0.010589 0.059935
0 0.364802 0.061120 0.020031 0.062296
0 0.351091 0.142222 0.023172 0.075926
0 0.469659 0.277907 0.016203 0.101056
0 0.334120 0.246736 0.025646 0.101861
0 0.470695 0.413310 0.020099 0.131194
0 0.312094 0.386264 0.034990 0.135806
0 0.281021 0.577593 0.049229 0.190463
0 0.472977 0.593102 0.028078 0.176944
0 0.793221 0.613875 0.045214 0.149972
0 0.681359 0.605588 0.042417 0.159917
0 0.840995 0.814815 0.051271 0.182296
0 0.716081 0.832213 0.055932 0.225389
0 0.472060 0.858315 0.035005 0.280907
0 0.238547 0.860176 0.062969 0.279648
