0 0.719635 0.556310 0.048552 0.190583
0 0.548536 0.578407 0.028740 0.178148
0 0.687898 0.362787 0.038193 0.141556
0 0.542083 0.399611 0.022979 0.134648
0 0.663875 0.220463 0.030344 0.107093
0 0.537891 0.263417 0.020677 0.104296
0 0.644570 0.113606 0.026297 0.081917
0 0.533641 0.158963 0.013937 0.079926
0 0.629776 0.031144 0.020604 0.062287
0 0.530313 0.074606 0.011990 0.063269
0 0.399984 0.136532 0.015781 0.063269
0 0.319906 0.176486 0.017969 0.064380
0 0.302893 0.257241 0.021401 0.073815
0 0.389448 0.220056 0.015937 0.078259
0 0.377672 0.320644 0.022927 0.099509
0 0.281917 0.355606 0.025625 0.093509
0 0.362208 0.448620 0.028323 0.125148
0 0.255937 0.476194 0.031021 0.114130
0 0.344406 0.610935 0.038573 0.158241
0 0.225052 0.626523 0.035604 0.141454
0 0.187089 0.819449 0.042927 0.177324
0 0.317828 0.825255 0.045260 0.202176
0 0.766234 0.828981 0.065719 0.269296
0 0.556958 0.838926 0.034021 0.262667
