0 0.353560 0.464656 0.023843 0.061052
0 0.470468 0.622714 0.032565 0.072594
0 0.355023 0.622047 0.026639 0.071260
0 0.053963 0.621216 0.034389 0.077589
0 0.063731 0.532305 0.033796 0.068266
0 0.355495 0.540391 0.025898 0.065906
0 0.465731 0.542917 0.027630 0.063271
0 0.773819 0.550547 0.028120 0.058000
0 0.621375 0.547216 0.024176 0.060776
0 0.614616 0.475872 0.021380 0.058505
0 0.751926 0.415284 0.024667 0.055734
0 0.762616 0.481651 0.025491 0.057583
0 0.081472 0.296672 0.030833 0.061344
0 0.086500 0.223747 0.028833 0.060224
0 0.349551 0.252589 0.023639 0.057813
0 0.452500 0.262706 0.025352 0.056849
0 0.596046 0.275617 0.021926 0.052609
0 0.735481 0.289107 0.023981 0.051839
0 0.601870 0.339596 0.022611 0.055693
0 0.743361 0.350966 0.024667 0.053380
0 0.454727 0.328781 0.023639 0.058198
0 0.351093 0.319917 0.023981 0.059740
0 0.075981 0.370445 0.032889 0.064057
0 0.353069 0.391490 0.025491 0.061281
0 0.458931 0.397846 0.024250 0.059203
0 0.610426 0.405940 0.023019 0.057349
0 0.070269 0.449690 0.032889 0.068026
0 0.461889 0.468818 0.025074 0.060125
