0 0.337370 0.069949 0.021563 0.060269
0 0.830932 0.820597 0.060208 0.224417
0 0.667961 0.832676 0.050818 0.250889
0 0.780602 0.588407 0.046286 0.165148
0 0.639318 0.585532 0.040135 0.170898
0 0.742523 0.417787 0.038589 0.128519
0 0.618992 0.408199 0.029401 0.128509
0 0.712250 0.287231 0.031469 0.096907
0 0.603044 0.277074 0.024724 0.100574
0 0.688828 0.187037 0.025135 0.075759
0 0.590333 0.175796 0.017635 0.074370
0 0.669943 0.107486 0.019771 0.058972
0 0.580786 0.095037 0.014635 0.058204
0 0.435336 0.161019 0.015943 0.074593
0 0.440674 0.079269 0.013505 0.059611
0 0.319576 0.151204 0.025495 0.074593
0 0.295719 0.255310 0.031469 0.099102
0 0.426784 0.263218 0.021578 0.099102
0 0.265560 0.389144 0.039266 0.131194
0 0.418786 0.398120 0.027229 0.127056
0 0.407914 0.576958 0.038880 0.174009
0 0.226135 0.572815 0.054417 0.178148
0 0.170789 0.842806 0.072672 0.272056
0 0.388888 0.839815 0.051786 0.269296
