0 0.578482 0.275796 0.018880 0.099259
0 0.690687 0.143931 0.025896 0.081046
0 0.675312 0.062653 0.020500 0.064250
0 0.573086 0.093102 0.011328 0.059944
0 0.438758 0.136981 0.016182 0.059463
0 0.427393 0.214759 0.018432 0.072148
0 0.412562 0.310773 0.025927 0.092139
0 0.394237 0.435745 0.032234 0.119213
0 0.370828 0.597847 0.045344 0.154398
0 0.335870 0.825718 0.058521 0.227176
0 0.197646 0.799306 0.055927 0.189889
0 0.246729 0.599056 0.044021 0.138685
0 0.283302 0.450884 0.035604 0.111639
0 0.313609 0.333847 0.028656 0.086250
0 0.337211 0.241278 0.024536 0.070926
0 0.356786 0.165352 0.020604 0.057611
0 0.593547 0.862394 0.034677 0.274435
0 0.819789 0.869352 0.065443 0.260519
0 0.587115 0.594417 0.030760 0.181963
0 0.772807 0.596407 0.056490 0.201852
0 0.582081 0.410963 0.020693 0.133241
0 0.736143 0.392519 0.039099 0.142093
0 0.709568 0.248708 0.030750 0.106454
0 0.575380 0.173662 0.012677 0.076250
