0 0.198926 0.439260 0.021981 0.066802
0 0.583634 0.611651 0.031083 0.071042
0 0.578861 0.531924 0.028389 0.061974
0 0.737338 0.537013 0.023843 0.061974
0 0.892528 0.541521 0.026722 0.058969
0 0.883074 0.470992 0.025074 0.058505
0 0.731171 0.465211 0.019731 0.059432
0 0.575361 0.458737 0.024667 0.059432
0 0.209394 0.214872 0.026380 0.060703
0 0.205787 0.286560 0.026074 0.062245
0 0.203731 0.359982 0.024704 0.063786
0 0.573102 0.386747 0.021389 0.058047
0 0.725662 0.394495 0.021380 0.057813
0 0.872222 0.402935 0.025907 0.055734
0 0.864412 0.337607 0.025083 0.054109
0 0.719699 0.326622 0.020972 0.057120
0 0.571079 0.317023 0.023843 0.058276
0 0.856597 0.274846 0.023435 0.052724
0 0.714352 0.261547 0.020963 0.052958
0 0.569435 0.250563 0.022204 0.056427
0 0.466519 0.240849 0.023296 0.057042
0 0.467718 0.309260 0.022269 0.057813
0 0.467718 0.380852 0.022269 0.059161
0 0.467444 0.452716 0.023093 0.061276
0 0.470995 0.529307 0.026639 0.064604
0 0.470699 0.610391 0.026046 0.072260
0 0.186213 0.605896 0.021963 0.075927
0 0.194255 0.519393 0.020139 0.067526
