0 0.695203 0.826028 0.051656 0.230630
0 0.204263 0.852139 0.076443 0.295722
0 0.441273 0.845551 0.042411 0.274269
0 0.336917 0.128833 0.026750 0.075926
0 0.316464 0.233532 0.031240 0.104694
0 0.290727 0.371991 0.039557 0.134667
0 0.255021 0.561204 0.052844 0.189407
0 0.448232 0.579778 0.034016 0.180111
0 0.451630 0.401106 0.022042 0.131194
0 0.454060 0.264444 0.019130 0.099556
0 0.457466 0.162088 0.012734 0.077583
0 0.459630 0.079806 0.011260 0.061278
0 0.593003 0.124458 0.015453 0.059935
0 0.605008 0.204157 0.018203 0.075130
0 0.672297 0.152625 0.019510 0.059102
0 0.619133 0.302699 0.025599 0.097398
0 0.691914 0.230491 0.024453 0.073537
0 0.714927 0.327454 0.029031 0.092907
0 0.638503 0.430088 0.028849 0.122213
0 0.743586 0.451236 0.034089 0.118546
0 0.662880 0.597894 0.040729 0.161602
0 0.353083 0.048282 0.022010 0.061324
0 0.781292 0.608444 0.045042 0.149130
0 0.826484 0.812218 0.051656 0.197491
