0 0.584694 0.224094 0.021259 0.050781
0 0.587009 0.163451 0.018130 0.049255
0 0.794319 0.167427 0.015343 0.052448
0 0.145315 0.336565 0.017722 0.052266
0 0.796810 0.106380 0.016102 0.052417
0 0.588171 0.101466 0.018843 0.050297
0 0.392620 0.093706 0.018500 0.052495
0 0.155611 0.087232 0.016444 0.053880
0 0.153968 0.150362 0.017269 0.052495
0 0.151139 0.212385 0.018537 0.052417
0 0.149866 0.274661 0.016639 0.053948
0 0.581241 0.283479 0.020278 0.049677
0 0.576801 0.346667 0.025213 0.052833
0 0.578852 0.404693 0.022204 0.051802
0 0.582981 0.471346 0.026278 0.057943
0 0.388769 0.401380 0.024870 0.049323
0 0.384000 0.470943 0.027000 0.066333
0 0.780491 0.469440 0.015241 0.051339
0 0.783338 0.409133 0.015787 0.053557
0 0.786713 0.348776 0.016759 0.051615
0 0.787653 0.288141 0.017806 0.050781
0 0.791847 0.228063 0.015343 0.052729
0 0.394606 0.158219 0.020898 0.050104
0 0.138940 0.467602 0.027824 0.066599
0 0.145727 0.398909 0.021009 0.050411
0 0.391231 0.218987 0.021722 0.053005
0 0.389509 0.279898 0.024167 0.051057
0 0.389259 0.340255 0.024667 0.049115
