0 0.551049 0.603889 0.026432 0.180778
0 0.555419 0.867181 0.030297 0.265157
0 0.775182 0.868838 0.064323 0.261843
0 0.158750 0.827731 0.053729 0.189889
0 0.298323 0.844532 0.058583 0.217972
0 0.334898 0.614134 0.046932 0.162269
0 0.208500 0.620458 0.045312 0.145009
0 0.248961 0.467106 0.037547 0.114509
0 0.359984 0.450713 0.035604 0.125444
0 0.307047 0.254472 0.025177 0.071130
0 0.281307 0.348773 0.029896 0.089509
0 0.380885 0.323796 0.026750 0.094704
0 0.397180 0.227296 0.019328 0.075130
0 0.327388 0.177949 0.020901 0.061139
0 0.409432 0.148153 0.015510 0.057583
0 0.541937 0.103421 0.010792 0.059139
0 0.640503 0.072431 0.020005 0.059583
0 0.654885 0.151773 0.023604 0.074324
0 0.543286 0.183718 0.011687 0.073565
0 0.545307 0.285639 0.017083 0.099907
0 0.672979 0.255250 0.028771 0.101463
0 0.696695 0.397727 0.036641 0.137861
0 0.547667 0.418306 0.019104 0.132667
0 0.730555 0.595736 0.053141 0.195157
