0 0.597546 0.537799 0.043333 0.093505
0 0.300917 0.525810 0.031333 0.111891
0 0.304824 0.414521 0.027778 0.080323
0 0.304472 0.318818 0.029907 0.072729
0 0.722222 0.331802 0.027000 0.056344
0 0.713343 0.252083 0.023444 0.052750
0 0.304468 0.230906 0.028491 0.066333
0 0.702329 0.178755 0.024157 0.049948
0 0.304824 0.146789 0.030611 0.057141
0 0.694866 0.110422 0.020602 0.047552
0 0.304111 0.067469 0.023519 0.049552
0 0.587954 0.431104 0.036944 0.099896
0 0.734653 0.434102 0.029120 0.094703
0 0.743532 0.537398 0.029843 0.091109
