0 0.179151 0.874722 0.053698 0.198870
0 0.592766 0.868755 0.047542 0.260509
0 0.806979 0.855829 0.076625 0.272454
0 0.750839 0.581352 0.060687 0.187500
0 0.705956 0.390694 0.043964 0.134259
0 0.675609 0.254991 0.032906 0.098778
0 0.652008 0.153454 0.026693 0.074370
0 0.551060 0.291014 0.021849 0.097398
0 0.543169 0.191403 0.014568 0.073769
0 0.537411 0.112671 0.012927 0.056602
0 0.633596 0.077204 0.021724 0.058278
0 0.397883 0.245009 0.015359 0.074593
0 0.406685 0.165583 0.014234 0.060944
0 0.323701 0.200046 0.019474 0.061944
0 0.305911 0.279972 0.021354 0.072593
0 0.284461 0.376546 0.026193 0.091111
0 0.386148 0.343940 0.022411 0.098787
0 0.561352 0.423060 0.026432 0.132343
0 0.256615 0.499856 0.033000 0.119324
0 0.372953 0.473505 0.027406 0.124287
0 0.574026 0.607245 0.035792 0.182954
0 0.222497 0.661440 0.043068 0.154120
0 0.355615 0.641551 0.040833 0.170028
0 0.328487 0.881676 0.051453 0.236648
