0 0.428357 0.264139 0.022255 0.101500
0 0.318958 0.149495 0.026750 0.071528
0 0.295357 0.253394 0.031245 0.097102
0 0.338042 0.068356 0.023198 0.060417
0 0.441081 0.081306 0.013484 0.060426
0 0.580932 0.098333 0.015375 0.058981
0 0.669271 0.112236 0.021042 0.061861
0 0.591190 0.178639 0.017422 0.075593
0 0.688404 0.191792 0.023786 0.072602
0 0.602211 0.278940 0.022870 0.097231
0 0.711219 0.292528 0.030344 0.094574
0 0.617167 0.411995 0.028323 0.126676
0 0.741471 0.423583 0.038214 0.125074
0 0.638062 0.588162 0.038031 0.169750
0 0.780214 0.595111 0.046125 0.159685
0 0.666070 0.835282 0.052203 0.251898
0 0.825708 0.826579 0.061063 0.224546
0 0.264339 0.387056 0.039333 0.127870
0 0.385948 0.844394 0.055000 0.268472
0 0.405573 0.578741 0.039844 0.173204
0 0.418130 0.398407 0.027875 0.127074
0 0.434753 0.161843 0.015766 0.074093
0 0.168367 0.840333 0.077359 0.269648
0 0.224406 0.569986 0.053604 0.174694
