0 0.729141 0.704199 0.039969 0.103227
0 0.308125 0.612102 0.022208 0.087969
0 0.384714 0.608078 0.021469 0.091578
0 0.519104 0.395176 0.018687 0.081914
0 0.392568 0.421480 0.020469 0.074586
0 0.321307 0.440293 0.019135 0.068930
0 0.269354 0.450785 0.018250 0.066602
0 0.186698 0.469094 0.015479 0.060062
0 0.262026 0.529184 0.019802 0.071695
0 0.180141 0.542367 0.019990 0.067984
0 0.315250 0.521777 0.022812 0.074930
0 0.389250 0.510098 0.019729 0.076086
0 0.173875 0.622324 0.023438 0.074461
0 0.252964 0.615387 0.019427 0.077695
0 0.703167 0.353215 0.026187 0.084586
0 0.708047 0.462273 0.030635 0.093578
0 0.519125 0.490082 0.016875 0.083914
0 0.517797 0.704867 0.017760 0.097234
0 0.519349 0.594809 0.018198 0.089570
0 0.719370 0.580488 0.036406 0.106898
