0 0.480354 0.511910 0.036229 0.109492
0 0.324505 0.369641 0.034635 0.112719
0 0.327432 0.243781 0.038365 0.107094
0 0.471557 0.272953 0.030365 0.096703
0 0.641521 0.307312 0.026104 0.086313
0 0.924708 0.532488 0.027708 0.079523
0 0.819698 0.528891 0.021229 0.083516
0 0.646583 0.410414 0.024500 0.092703
0 0.743552 0.423402 0.023438 0.085914
0 0.912984 0.444781 0.024510 0.075125
0 0.810422 0.432191 0.027177 0.081914
0 0.937495 0.634188 0.036760 0.087516
0 0.841052 0.636789 0.032500 0.095906
0 0.905526 0.357867 0.024510 0.071531
0 0.802161 0.338484 0.025573 0.075125
0 0.736094 0.326496 0.023438 0.081523
0 0.328500 0.505437 0.041562 0.118281
0 0.334630 0.654109 0.044219 0.133500
0 0.484615 0.650895 0.042625 0.128680
0 0.667896 0.645340 0.028771 0.115961
0 0.767266 0.639984 0.033573 0.104297
0 0.655906 0.520703 0.030375 0.097500
0 0.754208 0.526895 0.028771 0.091508
0 0.474484 0.389434 0.031969 0.104289
