0 0.837016 0.564121 0.033760 0.082289
0 0.460687 0.322262 0.026854 0.081039
0 0.461682 0.431352 0.028198 0.092062
0 0.310151 0.416008 0.034594 0.098781
0 0.305677 0.539961 0.037146 0.107891
0 0.460719 0.548355 0.031396 0.101664
0 0.649047 0.556027 0.029406 0.093992
0 0.758057 0.562262 0.027490 0.090148
0 0.642010 0.447414 0.023021 0.090625
0 0.749104 0.459883 0.027500 0.086797
0 0.638495 0.348395 0.024927 0.081523
0 0.741432 0.363742 0.024927 0.078641
0 0.815917 0.374285 0.023021 0.074805
0 0.823589 0.466598 0.025573 0.079117
0 0.305547 0.685977 0.044823 0.129953
0 0.457073 0.685262 0.037146 0.130430
0 0.657229 0.686934 0.034521 0.131867
0 0.314776 0.298645 0.028719 0.093633
