0 0.630391 0.430508 0.030635 0.094906
0 0.653708 0.676988 0.042625 0.110227
0 0.457661 0.681488 0.032385 0.103227
0 0.450578 0.568934 0.020865 0.092570
0 0.639276 0.550117 0.032406 0.103562
0 0.448797 0.463539 0.019094 0.088250
0 0.624625 0.320117 0.034187 0.088578
0 0.443672 0.367898 0.017802 0.087578
0 0.319130 0.397371 0.021802 0.078586
0 0.201948 0.430172 0.012854 0.067594
0 0.123448 0.451172 0.014521 0.062438
0 0.118052 0.524480 0.012979 0.068445
0 0.197906 0.509797 0.016062 0.073313
0 0.248276 0.501461 0.018531 0.076031
0 0.323401 0.487727 0.016281 0.075203
0 0.251948 0.416984 0.013708 0.067094
0 0.323443 0.581551 0.020719 0.079867
0 0.249255 0.586574 0.021094 0.071039
0 0.201214 0.591750 0.025573 0.065937
0 0.117036 0.599543 0.018115 0.063133
