0 0.491286 0.599809 0.033948 0.103102
0 0.335307 0.746305 0.040281 0.154406
0 0.497391 0.747980 0.042198 0.153930
0 0.896677 0.611219 0.035188 0.088234
0 0.706948 0.745680 0.038896 0.145453
0 0.340651 0.472711 0.034635 0.097906
0 0.347573 0.362020 0.032500 0.084320
0 0.494099 0.378207 0.028240 0.082320
0 0.676312 0.398387 0.025042 0.079523
0 0.788469 0.408375 0.027708 0.077125
0 0.681646 0.495887 0.026104 0.090711
0 0.796995 0.504680 0.027698 0.087516
0 0.880109 0.510086 0.029406 0.084875
0 0.812016 0.608867 0.033885 0.092547
0 0.690859 0.606234 0.034531 0.098781
0 0.336240 0.595492 0.040979 0.107891
0 0.492766 0.483699 0.030906 0.091102
