0 0.703750 0.344543 0.029604 0.054805
0 0.804089 0.817887 0.047948 0.086586
0 0.779891 0.702832 0.047510 0.093570
0 0.753729 0.590477 0.037625 0.078625
0 0.733964 0.496824 0.036385 0.068914
0 0.717776 0.416000 0.030531 0.061281
0 0.691474 0.279473 0.028260 0.048367
0 0.679141 0.220504 0.025177 0.045289
0 0.470755 0.326059 0.021615 0.057836
0 0.331542 0.313211 0.029937 0.058500
0 0.337260 0.245090 0.027771 0.054539
0 0.471000 0.259641 0.022375 0.052797
0 0.468854 0.198516 0.021417 0.047531
0 0.343807 0.183887 0.026552 0.048211
0 0.474219 0.581270 0.030708 0.084086
0 0.302354 0.576555 0.041437 0.086859
0 0.315115 0.477348 0.036625 0.075477
0 0.474031 0.485117 0.027375 0.073266
0 0.323625 0.390770 0.032187 0.068820
0 0.473083 0.400203 0.026958 0.062719
0 0.287448 0.703750 0.047271 0.116063
0 0.474276 0.701242 0.036240 0.108297
0 0.478005 0.836309 0.035156 0.113883
0 0.273411 0.840105 0.047948 0.115086
