0 0.252812 0.227293 0.024792 0.056336
0 0.359083 0.366855 0.022917 0.059945
0 0.358255 0.132688 0.022427 0.053547
0 0.358521 0.210211 0.021896 0.058344
0 0.357193 0.286734 0.020302 0.061938
0 0.251880 0.302770 0.022198 0.060773
0 0.252437 0.154863 0.019604 0.055227
0 0.249620 0.621648 0.024427 0.072266
0 0.359510 0.709562 0.027521 0.087578
0 0.246286 0.711891 0.024865 0.084250
0 0.252417 0.379324 0.021854 0.063133
0 0.359068 0.448488 0.024865 0.064273
0 0.254505 0.455980 0.025302 0.068602
0 0.251615 0.537562 0.025750 0.067266
0 0.360818 0.529906 0.028365 0.065266
0 0.359729 0.616488 0.025313 0.069930
