0 0.515551 0.757245 0.029367 0.212906
0 0.306055 0.755693 0.048766 0.210031
0 0.797484 0.748266 0.067328 0.212906
0 0.511801 0.536224 0.026727 0.157094
0 0.754547 0.525896 0.055672 0.159458
0 0.509094 0.370901 0.021984 0.118885
0 0.717797 0.357510 0.044781 0.118750
0 0.353055 0.378844 0.032797 0.120271
0 0.331910 0.540250 0.040570 0.151917
0 0.366750 0.258651 0.025500 0.091906
0 0.507461 0.244063 0.017422 0.095500
0 0.505676 0.147365 0.018586 0.074729
0 0.380988 0.160750 0.022211 0.075125
0 0.671172 0.132417 0.029672 0.073917
0 0.693074 0.230755 0.034164 0.093510
