0 0.286479 0.215969 0.018500 0.080469
0 0.667578 0.278824 0.014802 0.070758
0 0.524214 0.255648 0.014073 0.074094
0 0.672573 0.359301 0.018125 0.071320
0 0.525500 0.340566 0.016271 0.078258
0 0.529203 0.428953 0.017760 0.081859
0 0.679052 0.443383 0.018500 0.075203
0 0.530313 0.522332 0.018500 0.086023
0 0.685344 0.529543 0.019979 0.079367
0 0.694036 0.622508 0.020344 0.083250
0 0.535125 0.622094 0.018500 0.090188
0 0.268901 0.621676 0.022573 0.100461
0 0.273901 0.510398 0.022198 0.096016
0 0.279078 0.406199 0.019240 0.088523
0 0.283146 0.307961 0.018500 0.085187
