0 0.510677 0.299914 0.016687 0.058281
0 0.518271 0.693250 0.014833 0.049719
0 0.259578 0.566867 0.015448 0.054578
0 0.251563 0.676137 0.017292 0.046945
0 0.333729 0.555305 0.017604 0.059203
0 0.332187 0.619477 0.014521 0.047406
0 0.256031 0.626188 0.014521 0.038156
0 0.515969 0.616820 0.016958 0.072609
0 0.514125 0.533801 0.015729 0.068914
0 0.264661 0.496797 0.013906 0.053188
0 0.338203 0.482926 0.019760 0.060586
0 0.339208 0.412164 0.017021 0.050781
0 0.269437 0.429922 0.013729 0.042453
0 0.271292 0.371234 0.013729 0.041625
0 0.343443 0.348754 0.015948 0.047180
0 0.511068 0.371508 0.015906 0.058828
