0 0.592984 0.164695 0.020240 0.136266
0 0.304437 0.624656 0.030000 0.166297
0 0.603703 0.633000 0.029927 0.156516
0 0.838094 0.634148 0.027625 0.146156
0 0.956245 0.633289 0.024552 0.137531
0 0.831573 0.483102 0.022250 0.120266
0 0.948573 0.491730 0.016875 0.114508
0 0.596823 0.466836 0.018646 0.129875
0 0.304312 0.447652 0.028229 0.144258
0 0.299250 0.275828 0.024500 0.151453
0 0.595490 0.316387 0.020250 0.137461
0 0.824484 0.344918 0.019719 0.122680
0 0.941432 0.361102 0.018115 0.119078
0 0.935313 0.229434 0.017583 0.117883
0 0.820755 0.207059 0.020781 0.123477
0 0.297427 0.108152 0.024354 0.153445
