0 0.143276 0.805340 0.020302 0.119883
0 0.147036 0.668934 0.016469 0.116555
0 0.421047 0.372371 0.019177 0.121883
0 0.152516 0.413129 0.017052 0.111492
0 0.154911 0.288453 0.015448 0.110688
0 0.420781 0.238504 0.018646 0.117883
0 0.636568 0.196746 0.023969 0.124680
0 0.642427 0.337004 0.025042 0.126273
0 0.422911 0.508035 0.019719 0.122273
0 0.150651 0.538406 0.018656 0.112688
0 0.646953 0.483859 0.024510 0.127469
0 0.423479 0.648863 0.020458 0.127555
0 0.651750 0.632711 0.028771 0.132672
0 0.658417 0.788258 0.025042 0.139266
0 0.427026 0.796062 0.026510 0.134234
