0 0.551535 0.416520 0.017264 0.060492
0 0.315965 0.429004 0.015792 0.053836
0 0.165993 0.438164 0.017764 0.052719
0 0.171417 0.369898 0.018750 0.048844
0 0.317194 0.358383 0.018250 0.049125
0 0.549562 0.344090 0.019236 0.059383
0 0.546354 0.272219 0.017764 0.056609
0 0.554000 0.491586 0.021222 0.062438
0 0.162792 0.509621 0.017250 0.056883
0 0.313986 0.501992 0.016778 0.057719
0 0.313007 0.577469 0.019736 0.064375
0 0.157111 0.583574 0.018750 0.059945
0 0.152674 0.661414 0.021708 0.065766
0 0.317688 0.291504 0.017264 0.048008
0 0.314965 0.658359 0.025625 0.066875
0 0.564854 0.653504 0.026153 0.073820
0 0.380840 0.101695 0.011347 0.047453
0 0.254299 0.118344 0.014792 0.045781
0 0.253556 0.168434 0.014306 0.043852
0 0.381083 0.152617 0.014806 0.042734
0 0.544375 0.205895 0.016778 0.056055
0 0.319167 0.225598 0.014306 0.046617
0 0.177583 0.240027 0.016278 0.043289
0 0.174375 0.303578 0.015778 0.047172
0 0.559181 0.569840 0.020722 0.067992
