0 0.282948 0.652387 0.017917 0.046945
0 0.288349 0.587750 0.020073 0.061516
0 0.401042 0.580121 0.021000 0.063820
0 0.639099 0.479422 0.016865 0.065266
0 0.650865 0.651918 0.021750 0.076586
0 0.644422 0.567336 0.022198 0.069266
0 0.278156 0.712266 0.020979 0.053156
0 0.399188 0.650188 0.017917 0.051797
0 0.395490 0.711398 0.022854 0.058969
0 0.307630 0.375832 0.016031 0.044633
0 0.412312 0.360105 0.018188 0.047867
0 0.634620 0.333863 0.015719 0.058273
0 0.636469 0.398379 0.016958 0.049492
0 0.408516 0.426105 0.017573 0.051336
0 0.302453 0.437207 0.018802 0.044867
0 0.295927 0.509758 0.019271 0.055891
0 0.405974 0.500402 0.019573 0.060602
