0 0.625401 0.472520 0.014427 0.065492
0 0.418141 0.695859 0.020969 0.049953
0 0.422896 0.575469 0.019979 0.060219
0 0.624328 0.324059 0.017385 0.053836
0 0.435281 0.368457 0.016604 0.047727
0 0.351823 0.388574 0.015542 0.043008
0 0.348307 0.448375 0.015177 0.046625
0 0.430448 0.429785 0.017396 0.048289
0 0.624146 0.393434 0.015542 0.056055
0 0.343125 0.513312 0.018125 0.054391
0 0.427115 0.500270 0.017396 0.060492
0 0.631177 0.643324 0.018500 0.074648
0 0.628214 0.558547 0.019240 0.068266
0 0.336167 0.583754 0.017292 0.056195
0 0.331464 0.643109 0.017573 0.042781
0 0.325375 0.696484 0.017917 0.047641
0 0.419109 0.641102 0.018531 0.046937
