0 0.731083 0.330371 0.046354 0.097102
0 0.445505 0.462039 0.031427 0.118281
0 0.226156 0.332535 0.044000 0.098898
0 0.169370 0.620426 0.065219 0.143914
0 0.789677 0.616141 0.061375 0.143281
0 0.439604 0.619617 0.036854 0.142859
0 0.202266 0.463187 0.048260 0.121109
0 0.244667 0.228594 0.034688 0.081516
0 0.692354 0.136418 0.036104 0.069602
0 0.452458 0.138387 0.021271 0.068914
0 0.265792 0.142551 0.033917 0.068023
0 0.712260 0.224664 0.037312 0.081859
0 0.449635 0.224898 0.024083 0.083250
0 0.447370 0.332168 0.027698 0.099102
0 0.760125 0.459043 0.052208 0.119477
