0 0.747479 0.320316 0.037292 0.067602
0 0.735490 0.241063 0.037292 0.060937
0 0.723948 0.167305 0.033750 0.056609
0 0.322214 0.306727 0.029740 0.073594
0 0.478969 0.313223 0.027938 0.071258
0 0.473052 0.085199 0.025896 0.055039
0 0.335214 0.075371 0.026552 0.054805
0 0.331823 0.145320 0.028396 0.059203
0 0.474885 0.154457 0.024083 0.057586
0 0.326885 0.222535 0.029625 0.064242
0 0.477063 0.230375 0.027750 0.064750
0 0.708911 0.100391 0.029969 0.052453
0 0.481167 0.403965 0.029750 0.079586
0 0.316437 0.399801 0.034187 0.078586
0 0.310667 0.500801 0.036854 0.087914
0 0.484719 0.502465 0.033292 0.083914
0 0.829016 0.741840 0.041031 0.105492
0 0.802802 0.616285 0.042083 0.089508
0 0.490417 0.749418 0.037292 0.100086
0 0.293281 0.753707 0.043687 0.101898
0 0.302609 0.619043 0.041031 0.101102
0 0.487370 0.616484 0.035677 0.094703
0 0.780776 0.505633 0.043510 0.081250
0 0.763682 0.408895 0.040406 0.074258
