0 0.512693 0.395707 0.033031 0.076727
0 0.340927 0.496164 0.036063 0.089766
0 0.517771 0.495301 0.033750 0.084586
0 0.816995 0.496164 0.050635 0.087469
0 0.872234 0.738133 0.055240 0.106453
0 0.843464 0.609535 0.054469 0.100148
0 0.523141 0.616430 0.038365 0.109328
0 0.526203 0.747309 0.039906 0.103055
0 0.324427 0.752516 0.044500 0.108750
0 0.332104 0.618730 0.039896 0.109336
0 0.508630 0.305883 0.029969 0.070484
0 0.351542 0.302133 0.030375 0.072422
0 0.355536 0.218137 0.029635 0.064102
0 0.505411 0.223684 0.030344 0.062992
0 0.358870 0.143902 0.028156 0.059945
0 0.501708 0.149035 0.026646 0.058555
0 0.499510 0.081691 0.026979 0.054148
0 0.361901 0.074660 0.026740 0.053570
0 0.733516 0.091953 0.031073 0.050781
0 0.747745 0.159207 0.036406 0.054945
0 0.761599 0.231039 0.037302 0.061609
0 0.779667 0.310223 0.040271 0.067133
0 0.795010 0.397977 0.041562 0.071922
0 0.346005 0.393750 0.035219 0.082719
