0 0.487927 0.598820 0.041271 0.139828
0 0.518625 0.201309 0.027438 0.086945
0 0.788901 0.208691 0.034635 0.087914
0 0.776698 0.114453 0.029750 0.075922
0 0.525870 0.110238 0.026260 0.073539
0 0.332099 0.109410 0.036635 0.072148
0 0.310089 0.197793 0.040698 0.083523
0 0.224604 0.591730 0.066604 0.130305
0 0.260010 0.436832 0.049729 0.120273
0 0.286646 0.304930 0.047062 0.099562
0 0.509318 0.312422 0.031531 0.101234
0 0.800578 0.320582 0.040406 0.100898
0 0.499896 0.442437 0.039958 0.118500
0 0.817432 0.452816 0.045510 0.120430
0 0.835802 0.610309 0.047313 0.139055
