0 0.494839 0.716270 0.045823 0.129070
0 0.120068 0.910250 0.061448 0.164953
0 0.651750 0.191949 0.033562 0.060336
0 0.453818 0.179363 0.024510 0.063133
0 0.507234 0.886035 0.047948 0.149133
0 0.635766 0.125418 0.029302 0.051148
0 0.449286 0.109633 0.023969 0.052344
0 0.214557 0.090453 0.027760 0.056344
0 0.207635 0.162781 0.030958 0.061937
0 0.196714 0.243301 0.033615 0.072727
0 0.188990 0.338602 0.039479 0.082719
0 0.175401 0.449891 0.038948 0.096703
0 0.482099 0.574199 0.042177 0.107227
0 0.817323 0.874766 0.076083 0.149609
0 0.711958 0.456566 0.050625 0.084320
0 0.687719 0.358066 0.042625 0.077523
0 0.467135 0.350273 0.034104 0.082719
0 0.772964 0.710070 0.061802 0.118281
0 0.474062 0.451770 0.036229 0.090711
0 0.738068 0.574211 0.055948 0.102297
0 0.143161 0.727656 0.056531 0.139859
0 0.668005 0.270473 0.031969 0.067133
0 0.459406 0.258246 0.028771 0.073523
0 0.161729 0.577082 0.053687 0.117102
