0 0.714417 0.258313 0.016042 0.038391
0 0.723672 0.521523 0.022948 0.059937
0 0.591766 0.495441 0.022573 0.064930
0 0.584182 0.424676 0.020719 0.059383
0 0.710536 0.456176 0.021823 0.054664
0 0.668010 0.239582 0.015729 0.038852
0 0.762526 0.467414 0.022198 0.053281
0 0.748458 0.407195 0.018500 0.048281
0 0.696297 0.393738 0.017760 0.050227
0 0.686667 0.337168 0.016958 0.048789
0 0.736615 0.353703 0.017271 0.047406
0 0.677260 0.285602 0.015729 0.043938
0 0.725979 0.303059 0.016333 0.041852
0 0.445552 0.204730 0.012646 0.046945
0 0.323328 0.107578 0.012948 0.043016
0 0.446359 0.156004 0.011844 0.043289
0 0.318703 0.159887 0.014802 0.049945
0 0.314266 0.216773 0.016281 0.055500
0 0.449687 0.260758 0.017021 0.053000
0 0.452833 0.323473 0.015167 0.059102
0 0.309823 0.281848 0.018500 0.060211
0 0.307792 0.355109 0.021083 0.064656
0 0.455422 0.394098 0.018865 0.062164
0 0.302427 0.436695 0.022208 0.069094
0 0.458010 0.467773 0.018875 0.069094
0 0.461526 0.551719 0.019240 0.077141
0 0.295214 0.527156 0.024052 0.079641
0 0.287807 0.628863 0.027010 0.091570
0 0.463562 0.645652 0.021833 0.085742
0 0.601448 0.573629 0.023083 0.069930
0 0.576901 0.359945 0.017885 0.055734
0 0.569651 0.299937 0.017573 0.051344
0 0.563177 0.246516 0.013875 0.044859
0 0.557323 0.198070 0.015104 0.040938
0 0.276130 0.747754 0.031969 0.103898
0 0.466547 0.752949 0.025573 0.097102
0 0.625594 0.759145 0.027167 0.087117
0 0.775042 0.765340 0.028771 0.079523
0 0.835781 0.769133 0.029833 0.075922
0 0.612448 0.661082 0.024792 0.077977
0 0.755865 0.675539 0.027375 0.072703
0 0.814323 0.681918 0.027375 0.069930
0 0.739583 0.595480 0.025167 0.066320
0 0.796380 0.602973 0.025531 0.065773
0 0.778245 0.532348 0.022573 0.057164
