0 0.466823 0.386883 0.022188 0.064266
0 0.275307 0.386480 0.028906 0.064602
0 0.286182 0.313891 0.026677 0.058609
0 0.298391 0.247789 0.026240 0.054281
0 0.307276 0.188848 0.021802 0.048289
0 0.317932 0.137566 0.021802 0.042289
0 0.480417 0.137398 0.015625 0.041297
0 0.476219 0.189512 0.016917 0.049617
0 0.472661 0.247457 0.018698 0.052945
0 0.471776 0.315387 0.019573 0.058945
0 0.568812 0.281254 0.019083 0.061273
0 0.687359 0.283086 0.023531 0.058937
0 0.567568 0.213223 0.017760 0.053945
0 0.681370 0.213988 0.022198 0.055273
0 0.565260 0.153715 0.014646 0.048617
0 0.563708 0.100102 0.015979 0.045281
0 0.667828 0.101266 0.019094 0.044953
0 0.674260 0.155047 0.018646 0.048625
0 0.570344 0.357160 0.018125 0.066602
0 0.695958 0.358133 0.022937 0.066328
0 0.572932 0.440691 0.021094 0.073258
0 0.704469 0.440691 0.025896 0.071039
0 0.576448 0.535566 0.023083 0.082586
0 0.716354 0.537434 0.030188 0.083914
0 0.459052 0.557246 0.024417 0.078258
0 0.463719 0.468168 0.023979 0.070602
0 0.453281 0.658313 0.027083 0.088578
0 0.580266 0.644492 0.026198 0.094234
0 0.729677 0.643992 0.030188 0.095234
0 0.584927 0.767867 0.028417 0.108562
0 0.448401 0.771195 0.028865 0.093906
0 0.745214 0.770699 0.037302 0.110883
0 0.589589 0.887250 0.027969 0.081578
0 0.760531 0.888582 0.032417 0.081586
0 0.209901 0.770332 0.035698 0.091508
0 0.228281 0.658445 0.040500 0.087516
0 0.245865 0.555746 0.038354 0.079523
0 0.262911 0.466426 0.033031 0.070352
