0 0.275099 0.496383 0.019281 0.059391
0 0.367229 0.558266 0.020021 0.062156
0 0.364458 0.626672 0.018167 0.048563
0 0.264740 0.631805 0.014833 0.038844
0 0.260120 0.685500 0.018906 0.048562
0 0.593318 0.624867 0.020719 0.073813
0 0.588771 0.541340 0.020354 0.066039
0 0.269552 0.569367 0.018542 0.058281
0 0.362438 0.682867 0.019250 0.050875
0 0.580464 0.307410 0.017615 0.059398
0 0.375557 0.346277 0.017260 0.052492
0 0.284448 0.364086 0.016958 0.044172
0 0.280745 0.429527 0.018198 0.053883
0 0.372781 0.410336 0.016042 0.053422
0 0.582604 0.374262 0.015729 0.053414
0 0.583687 0.454645 0.013875 0.064977
0 0.370375 0.483758 0.018167 0.064109
