0 0.210505 0.332738 0.039510 0.095570
0 0.158859 0.595168 0.054344 0.128711
0 0.394625 0.598586 0.039958 0.136266
0 0.230146 0.230730 0.035188 0.082695
0 0.412391 0.321113 0.030635 0.100570
0 0.187359 0.453332 0.044219 0.110289
0 0.403417 0.447535 0.036229 0.117086
0 0.721760 0.437945 0.047417 0.126672
0 0.742276 0.597984 0.053281 0.145453
0 0.420146 0.212277 0.027417 0.084086
0 0.425135 0.123477 0.024833 0.071875
0 0.249943 0.145125 0.032594 0.070203
0 0.674880 0.095805 0.033302 0.075922
0 0.688427 0.189879 0.034625 0.087586
0 0.701526 0.301434 0.042177 0.101570
