0 0.821026 0.774250 0.045823 0.105891
0 0.483026 0.421402 0.028490 0.075477
0 0.484328 0.521082 0.031552 0.084914
0 0.307406 0.513289 0.040896 0.089250
0 0.295219 0.642480 0.044854 0.117852
0 0.477661 0.252684 0.026635 0.061055
0 0.331141 0.238113 0.030344 0.061883
0 0.478026 0.181918 0.023677 0.056055
0 0.337245 0.165270 0.028490 0.058273
0 0.342979 0.099500 0.028854 0.051062
0 0.476380 0.116152 0.024010 0.052164
0 0.699276 0.144875 0.029302 0.050750
0 0.712865 0.208016 0.034104 0.056344
0 0.724589 0.276945 0.033031 0.060734
0 0.739240 0.353469 0.036771 0.067531
0 0.755911 0.438063 0.036760 0.075125
0 0.773870 0.532973 0.043156 0.080320
0 0.796781 0.647855 0.047417 0.100695
0 0.488182 0.645059 0.031969 0.114289
0 0.489089 0.777047 0.037302 0.105891
0 0.280734 0.781441 0.044802 0.109086
0 0.317078 0.410441 0.034781 0.080758
0 0.481729 0.332602 0.025896 0.069375
0 0.324849 0.319008 0.033302 0.069375
