0 0.138552 0.422043 0.021083 0.081305
0 0.553823 0.159422 0.023438 0.101500
0 0.558620 0.274707 0.025573 0.113086
0 0.565276 0.407367 0.029302 0.120266
0 0.094625 0.737285 0.030750 0.110289
0 0.251589 0.736328 0.027552 0.132344
0 0.359318 0.739441 0.030760 0.152008
0 0.576094 0.733930 0.035812 0.169750
0 0.569766 0.553246 0.035802 0.136180
0 0.365490 0.581777 0.026208 0.116523
0 0.264151 0.596164 0.025573 0.106937
0 0.110672 0.618250 0.024906 0.092578
0 0.124432 0.516020 0.021365 0.086586
0 0.274062 0.479223 0.022250 0.097570
0 0.368896 0.455617 0.021500 0.106281
0 0.282854 0.372094 0.018125 0.091297
0 0.373688 0.341844 0.018500 0.097953
0 0.289323 0.273578 0.018500 0.085750
0 0.377130 0.237613 0.016656 0.090742
0 0.150203 0.334293 0.017760 0.075758
