0 0.489151 0.486465 0.031302 0.116008
0 0.100167 0.829301 0.052479 0.234086
0 0.121344 0.623527 0.034063 0.131883
0 0.494682 0.628016 0.040510 0.124297
0 0.134693 0.476449 0.031302 0.119461
0 0.147135 0.341961 0.028229 0.111891
0 0.486797 0.359141 0.029844 0.107094
0 0.485729 0.238266 0.026646 0.103500
0 0.157255 0.217684 0.029302 0.105492
0 0.169250 0.102602 0.027708 0.095906
0 0.484932 0.124375 0.022906 0.099500
0 0.786813 0.169363 0.027083 0.074258
0 0.795698 0.273594 0.027083 0.076922
0 0.805245 0.388980 0.034635 0.086586
0 0.818120 0.509695 0.037302 0.092906
0 0.831437 0.641727 0.049729 0.108563
