0 0.328604 0.241914 0.030750 0.062156
0 0.474401 0.249965 0.025531 0.062711
0 0.698536 0.129852 0.025906 0.051797
0 0.710411 0.193078 0.031448 0.052266
0 0.722896 0.262797 0.034833 0.058969
0 0.735167 0.339895 0.033604 0.065445
0 0.750234 0.423777 0.033740 0.070930
0 0.768437 0.518184 0.039958 0.080586
0 0.789745 0.631090 0.043510 0.095945
0 0.479120 0.629473 0.031969 0.099102
0 0.293812 0.629434 0.043687 0.100695
0 0.279964 0.764496 0.047948 0.109492
0 0.478964 0.760906 0.036760 0.107094
0 0.814630 0.757309 0.048490 0.104695
0 0.322833 0.322000 0.032958 0.067984
0 0.475844 0.329496 0.028125 0.068539
0 0.476401 0.415801 0.028490 0.074648
0 0.314156 0.411078 0.035521 0.078531
0 0.303943 0.510992 0.039427 0.086312
0 0.477630 0.513590 0.031969 0.081914
0 0.472365 0.114125 0.022938 0.051891
0 0.340630 0.102887 0.026677 0.052727
0 0.334891 0.169488 0.028531 0.058273
0 0.474016 0.179477 0.024094 0.056609
