0 0.260698 0.293047 0.017104 0.099500
0 0.095719 0.636828 0.019187 0.077125
0 0.236380 0.645418 0.022385 0.122273
0 0.596818 0.645016 0.035698 0.176625
0 0.454562 0.651215 0.028229 0.166633
0 0.591495 0.308113 0.019719 0.137461
0 0.455625 0.346676 0.017583 0.125070
0 0.116594 0.441359 0.016875 0.087578
0 0.104036 0.540730 0.017760 0.088914
0 0.255370 0.403340 0.021365 0.103492
0 0.121641 0.348395 0.018177 0.083914
0 0.454776 0.487375 0.018656 0.127078
0 0.456240 0.213332 0.017104 0.120680
0 0.588109 0.161977 0.021906 0.131469
