0 0.407099 0.625270 0.037740 0.104055
0 0.594766 0.755223 0.039635 0.104055
0 0.591568 0.626230 0.035802 0.105977
0 0.440849 0.088500 0.026469 0.053187
0 0.575922 0.092367 0.023635 0.054922
0 0.818729 0.097754 0.032562 0.054117
0 0.832047 0.166242 0.035156 0.057438
0 0.845182 0.240473 0.036260 0.063820
0 0.860719 0.322613 0.038479 0.069930
0 0.877000 0.412109 0.040708 0.075203
0 0.896240 0.512008 0.045146 0.085187
0 0.917995 0.621402 0.047948 0.083117
0 0.587120 0.507516 0.031969 0.082312
0 0.416599 0.505516 0.036281 0.086312
0 0.421891 0.406129 0.032406 0.077586
0 0.584615 0.407961 0.028417 0.076594
0 0.581281 0.318387 0.027979 0.069930
0 0.428333 0.315387 0.031083 0.071930
0 0.432583 0.232227 0.029625 0.062437
0 0.578250 0.236273 0.024958 0.064516
0 0.436964 0.157508 0.027781 0.058969
0 0.578964 0.160629 0.027448 0.058273
0 0.399083 0.753301 0.043542 0.105977
