0 0.697820 0.328245 0.039562 0.124198
0 0.651875 0.093276 0.030219 0.081927
0 0.479086 0.123312 0.015016 0.080583
0 0.353336 0.148620 0.021250 0.077260
0 0.340133 0.247302 0.025938 0.098396
0 0.480195 0.223422 0.018562 0.098969
0 0.480172 0.356344 0.020328 0.128896
0 0.325457 0.373896 0.033711 0.122562
0 0.307543 0.534443 0.036727 0.149031
0 0.480820 0.521495 0.025078 0.159969
0 0.282535 0.741568 0.046180 0.202031
0 0.768918 0.728646 0.064305 0.216354
0 0.483770 0.740813 0.026914 0.205396
0 0.671746 0.197578 0.034164 0.099740
0 0.730012 0.500635 0.055742 0.167833
