0 0.419760 0.387547 0.021750 0.127203
0 0.118724 0.262008 0.019094 0.122547
0 0.416208 0.245855 0.021750 0.124211
0 0.715464 0.230203 0.023531 0.128875
0 0.900615 0.220715 0.027979 0.129867
0 0.906562 0.369066 0.025313 0.131195
0 0.911120 0.516516 0.026844 0.128516
0 0.725062 0.520590 0.024292 0.126117
0 0.419453 0.528504 0.021740 0.119883
0 0.124703 0.536418 0.023010 0.116523
0 0.123391 0.398703 0.019531 0.124203
0 0.728391 0.670250 0.035802 0.134750
0 0.915135 0.666035 0.032417 0.137195
0 0.719729 0.374828 0.025750 0.126875
