0 0.101115 0.703098 0.024938 0.130914
0 0.374672 0.293770 0.021365 0.119477
0 0.111995 0.309750 0.021365 0.115484
0 0.647224 0.277984 0.018656 0.124672
0 0.820385 0.267996 0.025042 0.127070
0 0.819318 0.413020 0.022198 0.128539
0 0.645490 0.417355 0.019979 0.123211
0 0.373615 0.427980 0.021458 0.120711
0 0.111490 0.438133 0.019542 0.115219
0 0.108135 0.568203 0.020354 0.110172
0 0.368250 0.563203 0.016646 0.115719
0 0.646120 0.559598 0.023302 0.123492
0 0.819318 0.557047 0.020427 0.125547
0 0.816880 0.706707 0.028135 0.139086
0 0.642016 0.707648 0.027490 0.141937
0 0.364208 0.708371 0.024292 0.135711
