0 0.248036 0.360910 0.043281 0.089633
0 0.772964 0.643980 0.058615 0.173023
0 0.171698 0.614391 0.046354 0.117125
0 0.391182 0.627398 0.045344 0.139063
0 0.216953 0.476852 0.042552 0.102953
0 0.413609 0.469074 0.043656 0.117383
0 0.431375 0.342676 0.037000 0.098789
0 0.736177 0.311152 0.047354 0.109055
0 0.724500 0.192727 0.036375 0.090188
0 0.753250 0.458563 0.049021 0.136266
0 0.713089 0.099281 0.032927 0.076594
0 0.458563 0.151258 0.027750 0.069375
0 0.299839 0.185250 0.034406 0.065219
0 0.446542 0.236309 0.031083 0.082414
0 0.273755 0.265031 0.036260 0.074375
