0 0.698625 0.497255 0.044656 0.160635
0 0.726230 0.715354 0.050492 0.203125
0 0.285945 0.506531 0.037109 0.151917
0 0.464074 0.337698 0.021852 0.123208
0 0.459316 0.503286 0.026977 0.155365
0 0.640961 0.091875 0.024766 0.080750
0 0.340547 0.113349 0.026250 0.078302
0 0.469930 0.102333 0.015734 0.079583
0 0.468082 0.206542 0.018336 0.102625
0 0.324586 0.215172 0.029125 0.097823
0 0.308402 0.339849 0.033445 0.118927
0 0.454867 0.718625 0.030609 0.203792
0 0.248824 0.714240 0.041945 0.197479
0 0.656367 0.196948 0.028469 0.099500
0 0.673746 0.327620 0.035664 0.120281
