0 0.485651 0.617687 0.016427 0.076922
0 0.483651 0.697605 0.015990 0.054945
0 0.261406 0.674465 0.015583 0.045289
0 0.327120 0.619848 0.017365 0.047289
0 0.266740 0.622848 0.015583 0.043289
0 0.270729 0.566570 0.018250 0.055281
0 0.332224 0.555578 0.018698 0.058609
0 0.486964 0.532938 0.019135 0.069266
0 0.338000 0.480988 0.018687 0.058602
0 0.276281 0.496641 0.015146 0.053281
0 0.284495 0.432039 0.014698 0.044625
0 0.342214 0.412887 0.016469 0.052945
0 0.491625 0.366102 0.018687 0.063937
0 0.346880 0.348789 0.016031 0.047953
0 0.287380 0.372430 0.011594 0.039953
0 0.493620 0.294340 0.020031 0.062273
