0 0.125875 0.698406 0.042625 0.140266
0 0.088927 0.868176 0.046875 0.145586
0 0.612219 0.875371 0.039125 0.215211
0 0.405026 0.870766 0.037677 0.196797
0 0.439219 0.220203 0.023979 0.105094
0 0.444276 0.115109 0.017052 0.094703
0 0.570823 0.048574 0.018646 0.094305
0 0.578281 0.159262 0.025042 0.109492
0 0.583073 0.285137 0.025042 0.127070
0 0.200255 0.326695 0.027698 0.086313
0 0.433354 0.341879 0.023979 0.116680
0 0.179208 0.430992 0.031438 0.101500
0 0.153906 0.555270 0.036229 0.116680
0 0.426167 0.484340 0.027708 0.137867
0 0.592661 0.441180 0.028240 0.147453
0 0.602792 0.635188 0.046354 0.188609
0 0.414443 0.656965 0.038365 0.167430
