0 0.769120 0.678113 0.042198 0.085742
0 0.281062 0.667801 0.049292 0.105977
0 0.260281 0.805187 0.048646 0.111250
0 0.466792 0.672121 0.037146 0.099258
0 0.462318 0.806863 0.040990 0.110773
0 0.792135 0.809020 0.048333 0.115086
0 0.470266 0.555813 0.032010 0.081922
0 0.299990 0.545988 0.045771 0.086914
0 0.315531 0.446590 0.038667 0.077258
0 0.473818 0.459242 0.028469 0.073922
0 0.476693 0.374746 0.026823 0.066602
0 0.327891 0.360105 0.034844 0.066602
0 0.338109 0.283039 0.032594 0.059937
0 0.477229 0.299828 0.028896 0.062438
0 0.347438 0.214238 0.030604 0.054539
0 0.481047 0.231008 0.024948 0.052609
0 0.481432 0.168664 0.024698 0.047797
0 0.355271 0.151516 0.028292 0.049719
0 0.694406 0.196492 0.024042 0.047453
0 0.703953 0.256930 0.027010 0.050781
0 0.712943 0.323359 0.029594 0.056609
0 0.724266 0.396348 0.031073 0.061883
0 0.738297 0.480023 0.033885 0.070484
0 0.752083 0.573090 0.038896 0.081117
