0 0.293240 0.472020 0.014813 0.045789
0 0.298432 0.413883 0.016281 0.044406
0 0.376870 0.391684 0.016281 0.048289
0 0.557615 0.346730 0.015167 0.053836
0 0.359245 0.720676 0.019531 0.053383
0 0.561953 0.577391 0.018698 0.070266
0 0.563083 0.662309 0.018208 0.074930
0 0.270021 0.721918 0.017354 0.049617
0 0.275198 0.667602 0.017021 0.042734
0 0.361146 0.663633 0.018875 0.048281
0 0.364292 0.598004 0.018500 0.059664
0 0.280297 0.608551 0.017760 0.056336
0 0.369099 0.523914 0.017760 0.060219
0 0.287698 0.537648 0.018500 0.056609
0 0.557432 0.492691 0.012573 0.064383
0 0.555844 0.412855 0.012208 0.048289
0 0.372057 0.454535 0.017760 0.049117
