0 0.355701 0.505484 0.019792 0.061328
0 0.623854 0.666563 0.026153 0.072734
0 0.350035 0.667965 0.025208 0.067711
0 0.172674 0.667270 0.026681 0.067992
0 0.179833 0.586793 0.024222 0.062992
0 0.353236 0.583465 0.019778 0.064102
0 0.618181 0.582492 0.020722 0.070484
0 0.616208 0.500906 0.020722 0.067156
0 0.189451 0.509512 0.022736 0.061602
0 0.361132 0.430281 0.020764 0.056891
0 0.197340 0.435695 0.021764 0.055500
0 0.613965 0.423070 0.021264 0.059109
0 0.612479 0.348973 0.019292 0.059664
0 0.364340 0.357855 0.019292 0.051898
0 0.204493 0.363961 0.021264 0.050781
0 0.210167 0.293336 0.016833 0.046625
0 0.367292 0.286398 0.018306 0.048281
0 0.612236 0.276410 0.017806 0.056055
0 0.611500 0.207172 0.016333 0.053562
0 0.371243 0.220355 0.018292 0.048289
0 0.216090 0.228676 0.020764 0.044398
0 0.417187 0.149578 0.016903 0.043703
0 0.278021 0.160215 0.018125 0.044633
0 0.283160 0.108184 0.016069 0.045555
0 0.419458 0.102590 0.013806 0.038680
