0 0.453111 0.149922 0.012833 0.046063
0 0.560083 0.670516 0.019667 0.068250
0 0.350500 0.598504 0.018750 0.059102
0 0.559917 0.592539 0.016278 0.064375
0 0.347042 0.672734 0.020722 0.062156
0 0.223708 0.602805 0.017750 0.054391
0 0.231354 0.536887 0.017264 0.050805
0 0.355188 0.528160 0.019236 0.054945
0 0.558931 0.517891 0.016278 0.062156
0 0.359625 0.461145 0.016278 0.050227
0 0.236535 0.472102 0.013819 0.047734
0 0.559424 0.446570 0.015292 0.058828
0 0.363819 0.398438 0.016778 0.049687
0 0.559917 0.377613 0.017278 0.056336
0 0.249361 0.349172 0.013806 0.043844
0 0.367028 0.333488 0.014306 0.045789
0 0.560903 0.311152 0.014306 0.056055
0 0.560910 0.245523 0.015292 0.052453
0 0.370722 0.272305 0.016778 0.043844
0 0.253062 0.290059 0.015292 0.041070
0 0.449660 0.196961 0.013819 0.039125
0 0.340882 0.217496 0.013319 0.039680
0 0.242951 0.410914 0.015792 0.044672
0 0.343590 0.170457 0.011847 0.041070
