0 0.450646 0.204648 0.024792 0.063266
0 0.448177 0.592410 0.033292 0.100227
0 0.292474 0.277352 0.032552 0.071594
0 0.450464 0.287066 0.027385 0.069930
0 0.284146 0.369344 0.035896 0.078531
0 0.451385 0.377395 0.029229 0.077977
0 0.271937 0.470633 0.041812 0.086297
0 0.757302 0.582520 0.037000 0.067430
0 0.741026 0.484285 0.036260 0.081867
0 0.449542 0.476043 0.030708 0.082695
0 0.773438 0.684891 0.040396 0.082922
0 0.445740 0.722781 0.035521 0.103234
0 0.314484 0.046887 0.029969 0.055227
0 0.451385 0.061039 0.021833 0.056328
0 0.685786 0.082961 0.028115 0.054109
0 0.451573 0.129441 0.024417 0.058273
0 0.243849 0.728367 0.047385 0.107406
0 0.259922 0.595074 0.044844 0.109555
0 0.695964 0.149562 0.027010 0.056328
0 0.307458 0.116543 0.031458 0.058555
0 0.299870 0.192574 0.030344 0.064102
