0 0.297120 0.458391 0.020969 0.054109
0 0.300943 0.221176 0.017990 0.050680
0 0.299885 0.277410 0.017479 0.052227
0 0.299245 0.335605 0.018240 0.054148
0 0.297734 0.394910 0.024052 0.053883
0 0.296958 0.523258 0.020042 0.055734
0 0.294641 0.592777 0.020865 0.058273
0 0.477432 0.533625 0.017760 0.049391
0 0.476604 0.475004 0.017979 0.048820
0 0.472969 0.418719 0.018417 0.048016
0 0.471875 0.364070 0.017125 0.046891
0 0.469948 0.310352 0.016271 0.046734
0 0.467807 0.258723 0.014990 0.044320
0 0.536656 0.273219 0.011250 0.038406
0 0.625786 0.294582 0.011135 0.038055
0 0.536661 0.324008 0.012948 0.042781
0 0.540052 0.374656 0.011104 0.044172
0 0.628854 0.341480 0.012333 0.041180
0 0.633172 0.389336 0.011719 0.041625
0 0.544063 0.427266 0.013562 0.043938
0 0.637797 0.439984 0.013573 0.043016
0 0.547146 0.482070 0.014188 0.046250
0 0.641344 0.491086 0.012646 0.043938
0 0.550385 0.537801 0.015729 0.048102
0 0.647505 0.544980 0.011406 0.043039
0 0.555932 0.596539 0.014490 0.051797
0 0.650130 0.599313 0.014802 0.046250
