0 0.211833 0.620547 0.023979 0.107562
0 0.526406 0.609062 0.022646 0.107891
0 0.530849 0.736098 0.026198 0.113555
0 0.206703 0.741762 0.019927 0.106227
0 0.774229 0.731914 0.033250 0.117484
0 0.758266 0.602203 0.032010 0.109328
0 0.734276 0.369637 0.027490 0.093992
0 0.745781 0.481848 0.030042 0.102617
0 0.514865 0.276395 0.020875 0.091242
0 0.725104 0.262738 0.023979 0.091242
0 0.228708 0.292211 0.021312 0.089578
0 0.224047 0.394605 0.020865 0.091242
0 0.517312 0.379957 0.021313 0.092570
0 0.521974 0.491012 0.023531 0.098898
0 0.218719 0.502832 0.020875 0.098570
