0 0.914188 0.313398 0.020354 0.109891
0 0.779292 0.300914 0.017042 0.112109
0 0.782099 0.429949 0.021094 0.113773
0 0.918812 0.438414 0.019979 0.111281
0 0.922333 0.563121 0.020625 0.111289
0 0.786995 0.559078 0.020427 0.112219
0 0.788328 0.699219 0.024865 0.133437
0 0.927745 0.697504 0.027531 0.126539
0 0.533224 0.701324 0.023073 0.144336
0 0.236563 0.694656 0.033312 0.150094
0 0.239214 0.541449 0.024302 0.122758
0 0.532042 0.551281 0.023021 0.118438
0 0.532682 0.415094 0.017906 0.120359
0 0.241135 0.397594 0.023021 0.125641
0 0.239531 0.254937 0.022375 0.128031
0 0.531083 0.280590 0.018542 0.118914
