0 0.495078 0.694698 0.032109 0.198875
0 0.770332 0.677432 0.060586 0.204385
0 0.285074 0.702948 0.032633 0.208604
0 0.488414 0.478391 0.027578 0.157052
0 0.731840 0.459490 0.052867 0.162083
0 0.698937 0.287578 0.038844 0.125156
0 0.482430 0.307964 0.023734 0.128510
0 0.475191 0.061104 0.018523 0.085750
0 0.319695 0.324266 0.028406 0.128510
0 0.307105 0.493104 0.027695 0.155458
0 0.328426 0.189677 0.022977 0.105563
0 0.477938 0.170339 0.018344 0.104531
0 0.674121 0.150917 0.034523 0.105021
0 0.653621 0.042490 0.030211 0.084979
0 0.339242 0.080526 0.021641 0.087698
