0 0.432292 0.334238 0.015083 0.049914
0 0.281208 0.346379 0.018500 0.049914
0 0.277778 0.412770 0.020556 0.052805
0 0.430403 0.403035 0.017472 0.054148
0 0.675361 0.389453 0.020222 0.060125
0 0.678271 0.463063 0.019875 0.062437
0 0.429042 0.473859 0.019528 0.056656
0 0.271097 0.481180 0.019528 0.055500
0 0.265278 0.553734 0.018167 0.058781
0 0.426986 0.547184 0.017472 0.059930
0 0.684785 0.539188 0.021236 0.064750
0 0.690681 0.622129 0.024667 0.070727
0 0.426451 0.625617 0.018181 0.064750
0 0.258236 0.630434 0.021611 0.064367
0 0.251729 0.712141 0.022292 0.068984
0 0.423694 0.710852 0.022944 0.072656
0 0.483847 0.148180 0.013361 0.046250
0 0.352125 0.161477 0.014389 0.043547
0 0.481806 0.198379 0.014722 0.041430
0 0.348361 0.212641 0.014389 0.044906
0 0.285660 0.281148 0.017819 0.044703
0 0.435181 0.268043 0.017417 0.046633
0 0.669021 0.251473 0.017125 0.054727
0 0.671764 0.317762 0.015750 0.055883
