0 0.494198 0.221648 0.020021 0.084250
0 0.402359 0.529008 0.022198 0.092906
0 0.407615 0.218484 0.018250 0.084578
0 0.226021 0.214820 0.021792 0.082578
0 0.406130 0.318219 0.019094 0.087578
0 0.494042 0.319883 0.019979 0.087578
0 0.405911 0.421949 0.020427 0.089242
0 0.492490 0.530172 0.019542 0.093234
0 0.493599 0.423277 0.019094 0.089914
0 0.633010 0.425113 0.019979 0.090242
0 0.216542 0.420781 0.020875 0.093578
0 0.221646 0.315055 0.021312 0.088578
0 0.208995 0.530004 0.023531 0.095570
0 0.634125 0.531004 0.019542 0.092242
0 0.795964 0.531203 0.022635 0.091312
0 0.789521 0.425344 0.021312 0.087906
0 0.633396 0.322879 0.019583 0.086914
0 0.783266 0.326211 0.021760 0.086250
0 0.779495 0.227973 0.017760 0.085586
0 0.632302 0.223809 0.019979 0.082586
