0 0.630021 0.773164 0.046958 0.203703
0 0.359672 0.770805 0.041552 0.175031
0 0.231474 0.764332 0.035802 0.150570
0 0.039026 0.761691 0.042198 0.124195
0 0.391083 0.338203 0.024563 0.103094
0 0.607422 0.275066 0.026635 0.116680
0 0.603161 0.156785 0.024510 0.102305
0 0.396031 0.230637 0.022250 0.092242
0 0.295021 0.265105 0.025354 0.087914
0 0.126964 0.325379 0.024906 0.078586
0 0.282813 0.368000 0.026688 0.095234
0 0.109203 0.417285 0.025802 0.086586
0 0.087896 0.518020 0.028458 0.092242
0 0.268380 0.481887 0.028010 0.103227
0 0.381729 0.458637 0.028125 0.113648
0 0.614776 0.411164 0.032615 0.128031
0 0.618932 0.568684 0.038365 0.145773
0 0.373417 0.594820 0.033250 0.127078
0 0.250656 0.608250 0.033250 0.117484
0 0.065245 0.629105 0.035802 0.102617
