0 0.764990 0.786531 0.076229 0.236984
0 0.733589 0.555547 0.062865 0.158641
0 0.710359 0.388113 0.052219 0.135070
0 0.689448 0.241762 0.041292 0.119211
0 0.672130 0.118219 0.035073 0.102563
0 0.435458 0.201637 0.018250 0.097570
0 0.437589 0.314844 0.021094 0.109063
0 0.311234 0.349250 0.023677 0.102953
0 0.317490 0.241926 0.022688 0.094242
0 0.123682 0.310027 0.024906 0.084586
0 0.107031 0.407598 0.027125 0.091242
0 0.438031 0.443891 0.024917 0.121875
0 0.303276 0.471195 0.028010 0.113219
0 0.088188 0.516504 0.030521 0.099898
0 0.438365 0.590359 0.031458 0.140984
0 0.290672 0.610504 0.033760 0.131773
0 0.067021 0.639559 0.037604 0.115086
0 0.040167 0.787156 0.043729 0.142125
0 0.278010 0.784855 0.034521 0.168602
0 0.437969 0.785430 0.035312 0.193922
