0 0.742708 0.325855 0.043479 0.115086
0 0.910224 0.490090 0.052427 0.124195
0 0.772760 0.466836 0.051146 0.135219
0 0.714031 0.206148 0.045271 0.104734
0 0.838708 0.243840 0.044500 0.094945
0 0.291281 0.070348 0.039125 0.115086
0 0.283615 0.209023 0.043729 0.139250
0 0.273255 0.380789 0.046031 0.167453
0 0.258292 0.597438 0.056000 0.212906
0 0.247271 0.863758 0.072917 0.236984
0 0.849948 0.836414 0.071812 0.175672
0 0.809526 0.635867 0.063302 0.162563
0 0.957859 0.646418 0.068406 0.151055
0 0.871542 0.357262 0.049229 0.108852
