0 0.259984 0.863602 0.020719 0.091297
0 0.262760 0.763148 0.021083 0.078531
0 0.425745 0.754266 0.020719 0.079641
0 0.429818 0.857496 0.023677 0.092961
0 0.735443 0.841957 0.037740 0.094633
0 0.637755 0.845426 0.033302 0.095461
0 0.715172 0.736727 0.033635 0.080937
0 0.621729 0.742734 0.030521 0.080938
0 0.695578 0.644340 0.032073 0.070992
0 0.607719 0.650582 0.028333 0.073305
0 0.680469 0.561551 0.028979 0.063133
0 0.596771 0.566871 0.028708 0.064523
0 0.664604 0.485234 0.027479 0.058969
0 0.585823 0.492984 0.025250 0.057813
0 0.651948 0.415629 0.024354 0.054805
0 0.576729 0.424418 0.021917 0.055727
0 0.641635 0.353656 0.022229 0.050641
0 0.566698 0.361637 0.021583 0.049023
0 0.559307 0.302898 0.020323 0.047641
0 0.631151 0.294570 0.019760 0.048562
0 0.613901 0.192938 0.017885 0.040469
0 0.622672 0.241500 0.018156 0.042312
0 0.551755 0.248672 0.018219 0.042781
0 0.544958 0.202074 0.015729 0.038852
0 0.409766 0.265781 0.013531 0.043703
0 0.412542 0.319430 0.014146 0.047406
0 0.268260 0.674176 0.020812 0.073039
0 0.423068 0.663195 0.021073 0.072266
0 0.421651 0.582062 0.018760 0.064938
0 0.414380 0.377359 0.014802 0.051797
0 0.415609 0.439219 0.016031 0.055266
0 0.281500 0.451477 0.019771 0.054344
0 0.151208 0.464078 0.020042 0.055031
0 0.158307 0.401410 0.017573 0.050414
0 0.283641 0.388574 0.016031 0.050180
0 0.284719 0.331340 0.013875 0.048102
0 0.164318 0.344062 0.016656 0.048563
0 0.171411 0.291797 0.014802 0.043469
0 0.287047 0.279191 0.013594 0.042320
0 0.407745 0.217914 0.011406 0.039547
0 0.288437 0.232598 0.011437 0.038852
0 0.177885 0.244160 0.013563 0.041164
0 0.121422 0.685445 0.024781 0.070766
0 0.131781 0.605387 0.024792 0.066602
0 0.273677 0.593180 0.020729 0.067156
0 0.142141 0.531848 0.022573 0.061055
0 0.277932 0.519918 0.019615 0.060492
0 0.419469 0.507387 0.018500 0.058195
0 0.096818 0.872344 0.029594 0.089906
0 0.109583 0.773828 0.029229 0.079922
