0 0.560167 0.152633 0.023979 0.137062
0 0.066583 0.634379 0.024937 0.082477
0 0.257120 0.645891 0.030052 0.132344
0 0.744089 0.668414 0.035906 0.225797
0 0.549781 0.661504 0.034167 0.191273
0 0.083250 0.526773 0.026167 0.103578
0 0.552547 0.470113 0.024510 0.148648
0 0.740984 0.264332 0.030052 0.156320
0 0.556911 0.305957 0.027490 0.146258
0 0.101875 0.412930 0.027229 0.100703
0 0.285687 0.369176 0.029354 0.117883
0 0.112281 0.305602 0.025896 0.094344
0 0.297766 0.242191 0.024427 0.111555
0 0.735187 0.093891 0.026646 0.148250
