0 0.657656 0.186117 0.031083 0.062938
0 0.078750 0.895488 0.073583 0.161039
0 0.461865 0.884898 0.041562 0.150250
0 0.783464 0.884059 0.074427 0.161117
0 0.747021 0.713730 0.056771 0.124289
0 0.458901 0.716621 0.039635 0.131867
0 0.111375 0.718324 0.064646 0.135273
0 0.138547 0.572043 0.058885 0.115086
0 0.456344 0.573719 0.033250 0.109812
0 0.720714 0.575160 0.050510 0.105977
0 0.702948 0.456914 0.045292 0.090906
0 0.460297 0.451914 0.033302 0.094906
0 0.160797 0.445422 0.046219 0.097234
0 0.180156 0.336535 0.044437 0.083914
0 0.456323 0.347352 0.029354 0.084250
0 0.684568 0.355180 0.039073 0.079250
0 0.671245 0.265270 0.031969 0.071930
0 0.455901 0.254617 0.024865 0.074594
0 0.195026 0.242125 0.040448 0.069594
0 0.211016 0.160707 0.035115 0.062602
0 0.457234 0.174863 0.023094 0.063602
0 0.221672 0.089113 0.030677 0.055273
0 0.456307 0.105035 0.018406 0.053961
0 0.648188 0.117633 0.026833 0.053625
