0 0.123568 0.533770 0.024427 0.070602
0 0.463453 0.485648 0.023094 0.084250
0 0.294062 0.509125 0.024417 0.076594
0 0.466161 0.584586 0.027531 0.088250
0 0.110516 0.622379 0.033740 0.080586
0 0.284562 0.604898 0.030188 0.084250
0 0.166635 0.245723 0.017313 0.051945
0 0.094911 0.719719 0.033344 0.085750
0 0.276208 0.710145 0.031854 0.094352
0 0.076052 0.826668 0.035167 0.090633
0 0.265943 0.824992 0.027490 0.101656
0 0.469578 0.822352 0.028135 0.107891
0 0.466578 0.698488 0.026302 0.102117
0 0.316927 0.207098 0.016875 0.053945
0 0.461672 0.167453 0.015094 0.055250
0 0.461229 0.234902 0.016875 0.063602
0 0.310495 0.271695 0.019094 0.061938
0 0.157979 0.307828 0.021312 0.056281
0 0.147323 0.376758 0.023083 0.061609
0 0.304943 0.343629 0.017760 0.064602
0 0.463896 0.311156 0.016875 0.068266
0 0.462562 0.394242 0.019542 0.074594
0 0.298724 0.423379 0.023094 0.071602
0 0.135115 0.451848 0.027083 0.066602
