0 0.687510 0.145348 0.025438 0.050492
0 0.823974 0.781691 0.046031 0.101852
0 0.488000 0.784105 0.039896 0.104148
0 0.280854 0.788422 0.044500 0.107031
0 0.788990 0.655605 0.038354 0.108164
0 0.483245 0.652168 0.039135 0.113945
0 0.291005 0.654523 0.043865 0.118453
0 0.310312 0.419684 0.035958 0.078586
0 0.749682 0.442738 0.041031 0.070727
0 0.769927 0.537848 0.044229 0.080320
0 0.302391 0.522660 0.039427 0.087508
0 0.479286 0.527855 0.034094 0.084320
0 0.475922 0.427562 0.030344 0.076313
0 0.730036 0.356551 0.035510 0.064930
0 0.714682 0.279406 0.033677 0.059938
0 0.329953 0.103168 0.026823 0.053648
0 0.463307 0.119934 0.026510 0.053883
0 0.467354 0.187074 0.028771 0.060336
0 0.326411 0.170492 0.027198 0.059937
0 0.321589 0.244418 0.029323 0.065539
0 0.468948 0.258207 0.026646 0.064336
0 0.315208 0.327934 0.033625 0.071930
0 0.473208 0.339121 0.029833 0.071930
0 0.700625 0.209199 0.029229 0.054945
