0 0.345609 0.189246 0.020865 0.142523
0 0.832682 0.145625 0.027094 0.150516
0 0.836698 0.676437 0.031333 0.174547
0 0.642651 0.679219 0.030698 0.175312
0 0.342792 0.676277 0.024292 0.150258
0 0.061438 0.669965 0.024354 0.136664
0 0.066104 0.518578 0.020521 0.128516
0 0.343620 0.509465 0.021740 0.137148
0 0.644760 0.499398 0.023021 0.146734
0 0.836250 0.492203 0.024937 0.149609
0 0.835729 0.321180 0.025042 0.155047
0 0.642589 0.330371 0.022385 0.148648
0 0.345286 0.348953 0.019177 0.141859
0 0.066896 0.366539 0.019708 0.137063
0 0.063448 0.215887 0.019542 0.135195
0 0.640656 0.161938 0.021313 0.150516
