0 0.480672 0.511313 0.031969 0.107891
0 0.326130 0.506715 0.032031 0.117086
0 0.656490 0.521504 0.028771 0.097102
0 0.753198 0.526695 0.026104 0.089906
0 0.928224 0.532691 0.020240 0.078727
0 0.915172 0.444777 0.021844 0.074727
0 0.744135 0.424000 0.025042 0.086719
0 0.647703 0.411609 0.026115 0.094703
0 0.641578 0.307117 0.024510 0.086313
0 0.734818 0.326098 0.024510 0.080320
0 0.802484 0.338484 0.024510 0.076328
0 0.902911 0.357664 0.020781 0.072328
0 0.471615 0.273949 0.029833 0.097508
0 0.325094 0.241980 0.036229 0.104695
0 0.325708 0.368680 0.034542 0.116047
0 0.476927 0.389777 0.028771 0.103570
0 0.484990 0.650949 0.035521 0.127539
0 0.328432 0.651852 0.033740 0.131203
0 0.666937 0.644898 0.025042 0.113891
0 0.766568 0.640703 0.028240 0.105500
0 0.840297 0.639742 0.030344 0.096297
0 0.939089 0.634191 0.031073 0.085742
0 0.825682 0.529992 0.035156 0.083250
0 0.811547 0.432570 0.026198 0.081578
