0 0.867182 0.894906 0.035969 0.075922
0 0.723547 0.897738 0.035510 0.088914
0 0.842839 0.784754 0.041323 0.102680
0 0.707599 0.782809 0.036448 0.107195
0 0.818130 0.667188 0.037740 0.091297
0 0.690484 0.663441 0.032552 0.095461
0 0.796120 0.566867 0.033677 0.079922
0 0.675500 0.557988 0.027750 0.079367
0 0.776141 0.474602 0.029969 0.067437
0 0.661995 0.464055 0.026635 0.071875
0 0.760995 0.395664 0.028448 0.066016
0 0.746172 0.324195 0.025531 0.058000
0 0.642938 0.309070 0.024042 0.059938
0 0.652375 0.382609 0.021458 0.066047
0 0.710094 0.149535 0.021833 0.044398
0 0.618703 0.132055 0.018135 0.048281
0 0.626844 0.183809 0.018125 0.050227
0 0.733958 0.259566 0.023688 0.053555
0 0.634063 0.242219 0.021458 0.055500
0 0.527974 0.262184 0.018240 0.054539
0 0.525922 0.203891 0.015156 0.048172
0 0.525052 0.153070 0.014917 0.043156
0 0.363583 0.124496 0.018167 0.042758
0 0.358260 0.177863 0.018167 0.047914
0 0.354266 0.236387 0.024031 0.052352
0 0.532510 0.327496 0.020250 0.057148
0 0.346802 0.304715 0.022958 0.059539
0 0.342552 0.380840 0.026146 0.067930
0 0.534380 0.401020 0.020781 0.065133
0 0.539172 0.480145 0.021844 0.070727
0 0.335880 0.463160 0.028823 0.073523
0 0.325760 0.557266 0.032021 0.084312
0 0.541833 0.569852 0.025042 0.081516
0 0.546094 0.671551 0.025042 0.091508
0 0.551422 0.785039 0.029302 0.097109
0 0.304443 0.788434 0.035219 0.110289
0 0.316167 0.665156 0.033083 0.098703
