0 0.413536 0.439359 0.037781 0.126594
0 0.199448 0.189012 0.039958 0.089242
0 0.220760 0.095109 0.035521 0.074594
0 0.424333 0.096773 0.024417 0.075922
0 0.676974 0.102098 0.035073 0.075258
0 0.692953 0.194840 0.037740 0.085586
0 0.422339 0.189512 0.026635 0.086914
0 0.711193 0.305094 0.042198 0.100703
0 0.417724 0.302934 0.030698 0.104055
0 0.180172 0.301496 0.046740 0.105977
0 0.156214 0.440555 0.051177 0.128031
0 0.123297 0.604313 0.063302 0.151531
0 0.410661 0.601195 0.042260 0.145297
0 0.762021 0.594242 0.056896 0.141938
0 0.736130 0.436723 0.048594 0.121320
