0 0.657885 0.185945 0.025167 0.061609
0 0.248130 0.115719 0.027573 0.057281
0 0.652188 0.114551 0.023958 0.054945
0 0.683339 0.454563 0.033760 0.086313
0 0.453901 0.456863 0.030760 0.088617
0 0.194953 0.457152 0.036135 0.088039
0 0.448911 0.568781 0.034594 0.099547
0 0.175391 0.570219 0.050719 0.100125
0 0.151224 0.696238 0.049948 0.112789
0 0.123604 0.842109 0.053021 0.127172
0 0.441240 0.842687 0.037667 0.129469
0 0.723620 0.843547 0.040656 0.128891
0 0.709240 0.696367 0.046354 0.113484
0 0.444948 0.695566 0.035750 0.115086
0 0.223729 0.267234 0.033083 0.070328
0 0.210406 0.356547 0.036292 0.077922
0 0.673125 0.356348 0.032500 0.078320
0 0.456052 0.356746 0.023438 0.079914
0 0.458958 0.266035 0.022958 0.073523
0 0.667573 0.265437 0.027708 0.071531
0 0.462359 0.186777 0.021490 0.062711
0 0.237026 0.187332 0.031115 0.062711
0 0.465250 0.115723 0.018687 0.053945
