0 0.649604 0.342559 0.027750 0.066602
0 0.396750 0.406816 0.028771 0.075930
0 0.229453 0.393828 0.035156 0.081125
0 0.220396 0.496523 0.040500 0.088313
0 0.704984 0.729855 0.037740 0.071227
0 0.688250 0.624680 0.037833 0.089516
0 0.394307 0.746918 0.035698 0.100695
0 0.193172 0.750914 0.047948 0.107094
0 0.207292 0.618844 0.045292 0.104297
0 0.396438 0.622641 0.032500 0.106297
0 0.396271 0.505035 0.030833 0.081898
0 0.671500 0.518652 0.033917 0.077930
0 0.661010 0.427195 0.032063 0.068453
0 0.640687 0.264395 0.028417 0.060586
0 0.630646 0.192820 0.026208 0.055266
0 0.397094 0.317449 0.025563 0.069930
0 0.237432 0.300523 0.034073 0.074375
0 0.395995 0.234617 0.025531 0.066328
0 0.244833 0.215469 0.034812 0.067984
0 0.251495 0.138605 0.030385 0.062992
0 0.396536 0.158996 0.025198 0.058273
0 0.622073 0.127227 0.027750 0.053000
0 0.395609 0.089762 0.024823 0.055227
0 0.257063 0.067230 0.029604 0.058555
