0 0.308922 0.430590 0.015948 0.061055
0 0.440656 0.429199 0.016646 0.067711
0 0.441214 0.352336 0.015531 0.056609
0 0.441396 0.283652 0.015167 0.055773
0 0.677641 0.280043 0.016281 0.056336
0 0.680234 0.344562 0.014802 0.047734
0 0.684490 0.423371 0.015167 0.060492
0 0.316135 0.285316 0.011875 0.049117
0 0.299745 0.637797 0.018906 0.054109
0 0.691339 0.504961 0.017760 0.063828
0 0.697437 0.582934 0.018875 0.067711
0 0.300078 0.578398 0.019135 0.047109
0 0.439521 0.586184 0.018208 0.071258
0 0.438849 0.507430 0.017760 0.061609
0 0.302969 0.511590 0.018687 0.062602
