0 0.671422 0.341258 0.024865 0.057609
0 0.684297 0.413023 0.025760 0.067266
0 0.572406 0.400535 0.023979 0.065602
0 0.564865 0.328941 0.021313 0.061602
0 0.659432 0.276828 0.023094 0.053281
0 0.558422 0.262340 0.021760 0.054273
0 0.649000 0.220379 0.022646 0.047617
0 0.639677 0.169434 0.019979 0.042289
0 0.551760 0.205230 0.018208 0.047945
0 0.545771 0.153617 0.015979 0.043953
0 0.453417 0.175426 0.014208 0.040961
0 0.453859 0.226211 0.015094 0.047953
0 0.453417 0.283652 0.015979 0.054945
0 0.455411 0.349086 0.019094 0.058609
0 0.456750 0.421348 0.019979 0.063930
0 0.457635 0.501766 0.020875 0.073594
0 0.458297 0.592012 0.022198 0.082914
0 0.458521 0.698238 0.025313 0.097570
0 0.460297 0.817121 0.026198 0.098898
0 0.198474 0.817094 0.041115 0.104344
0 0.214755 0.694574 0.039635 0.099070
0 0.231219 0.582605 0.037042 0.084914
0 0.245464 0.486449 0.031490 0.072977
0 0.256937 0.402922 0.029271 0.065219
0 0.266000 0.327855 0.027417 0.057164
0 0.275068 0.260977 0.023344 0.053281
0 0.282281 0.202012 0.020021 0.046898
0 0.291344 0.151238 0.020396 0.039664
0 0.581484 0.482926 0.023677 0.072430
0 0.699880 0.493609 0.030344 0.072703
0 0.591286 0.578246 0.028490 0.080477
0 0.604328 0.686816 0.031969 0.097898
0 0.717661 0.585238 0.031969 0.084320
0 0.738443 0.690934 0.038365 0.095102
0 0.619359 0.813012 0.034635 0.113883
0 0.762682 0.813813 0.044219 0.109891
0 0.631724 0.936664 0.033302 0.089578
0 0.786370 0.930676 0.036406 0.080586
