0 0.642917 0.435664 0.035958 0.082250
0 0.426906 0.447488 0.025750 0.083914
0 0.188036 0.458641 0.033740 0.084250
0 0.200693 0.363570 0.033302 0.075922
0 0.427573 0.351082 0.025313 0.079586
0 0.212458 0.278156 0.028417 0.068266
0 0.429349 0.264168 0.020865 0.070930
0 0.664672 0.665605 0.043073 0.107227
0 0.416979 0.805051 0.032187 0.116273
0 0.136870 0.808934 0.045552 0.112383
0 0.156849 0.678512 0.044802 0.103508
0 0.418177 0.672793 0.033708 0.106008
0 0.174536 0.563316 0.043698 0.093523
0 0.422068 0.552633 0.032594 0.093234
0 0.679990 0.804133 0.044396 0.119219
0 0.651349 0.543059 0.040406 0.094570
0 0.221781 0.201398 0.028417 0.059937
0 0.431573 0.184750 0.021750 0.063937
0 0.231547 0.131637 0.024865 0.056945
0 0.433349 0.114320 0.018198 0.055609
0 0.616052 0.099504 0.023083 0.053945
0 0.620495 0.170434 0.026635 0.061273
0 0.628042 0.250684 0.028417 0.070602
0 0.635146 0.338934 0.028417 0.075258
