0 0.686250 0.242896 0.028516 0.067708
0 0.690723 0.336547 0.028305 0.077427
0 0.697098 0.435995 0.032664 0.083115
0 0.702641 0.548479 0.033563 0.092313
0 0.710133 0.675156 0.037156 0.106687
0 0.534023 0.676141 0.033844 0.098781
0 0.535703 0.556880 0.027250 0.087573
0 0.537203 0.451818 0.027250 0.081260
0 0.540203 0.357578 0.024750 0.077260
0 0.542445 0.269167 0.024750 0.069604
0 0.420738 0.211818 0.024133 0.062344
0 0.413723 0.289979 0.023055 0.069042
0 0.407066 0.371974 0.025570 0.070969
0 0.389988 0.564266 0.028086 0.085365
0 0.400055 0.464047 0.029531 0.077677
0 0.168629 0.671151 0.029164 0.093885
0 0.241043 0.672396 0.031289 0.091583
0 0.426078 0.138969 0.019484 0.056750
0 0.546645 0.113370 0.022695 0.061865
0 0.544848 0.188896 0.023414 0.067125
0 0.682969 0.161802 0.026969 0.063771
0 0.834738 0.131833 0.026977 0.064250
0 0.677574 0.084599 0.029133 0.060906
0 0.823949 0.051031 0.026977 0.063771
0 0.891395 0.538005 0.040133 0.107031
0 0.913988 0.673177 0.047945 0.108750
0 0.875125 0.419979 0.037406 0.091104
0 0.859930 0.313182 0.034344 0.082135
0 0.847234 0.218276 0.031844 0.074365
