0 0.390917 0.423281 0.019771 0.065531
0 0.259896 0.627781 0.015583 0.047734
0 0.263396 0.574910 0.015875 0.041117
0 0.265448 0.506594 0.018167 0.061938
0 0.388792 0.501203 0.020833 0.063141
0 0.389057 0.579125 0.014969 0.067938
0 0.641630 0.574129 0.020240 0.071523
0 0.638167 0.493609 0.018646 0.065531
0 0.634703 0.407496 0.017052 0.064336
0 0.272104 0.428473 0.021896 0.060742
0 0.275208 0.353336 0.018833 0.047406
0 0.278448 0.286270 0.016062 0.044633
0 0.396536 0.278105 0.017240 0.055117
0 0.631734 0.259445 0.015490 0.059141
0 0.632573 0.328773 0.015979 0.057141
0 0.391453 0.346754 0.018698 0.057945
