0 0.556286 0.155613 0.016281 0.049945
0 0.238917 0.230594 0.019646 0.051891
0 0.399682 0.191328 0.017802 0.053281
0 0.558984 0.224434 0.022198 0.059945
0 0.396151 0.258637 0.019115 0.061055
0 0.230484 0.294043 0.022198 0.057352
0 0.220698 0.363406 0.024021 0.060937
0 0.562354 0.301465 0.017354 0.070930
0 0.391411 0.333102 0.020906 0.068266
0 0.564641 0.386348 0.020427 0.075258
0 0.386375 0.413656 0.025313 0.073922
0 0.208995 0.440461 0.026635 0.068266
0 0.585771 0.830605 0.032854 0.111227
0 0.360844 0.829906 0.028417 0.105234
0 0.149943 0.829742 0.036406 0.096234
0 0.167479 0.718020 0.035083 0.090570
0 0.367948 0.710027 0.033750 0.097242
0 0.579958 0.700367 0.032417 0.102562
0 0.375271 0.599305 0.028854 0.085578
0 0.182797 0.617285 0.033740 0.081586
0 0.196781 0.523711 0.029750 0.071594
0 0.380823 0.503566 0.027521 0.079258
0 0.571521 0.583152 0.027979 0.089914
0 0.568193 0.479258 0.027531 0.077922
