0 0.145719 0.304398 0.028292 0.091516
0 0.377536 0.844844 0.040344 0.190375
0 0.591719 0.853262 0.049708 0.240992
0 0.041870 0.827277 0.040844 0.117211
0 0.070688 0.676027 0.039958 0.130211
0 0.390542 0.625879 0.039479 0.179820
0 0.097771 0.534770 0.035750 0.115086
0 0.401469 0.443457 0.029354 0.145852
0 0.122276 0.411488 0.031490 0.101898
0 0.408661 0.287812 0.029885 0.129469
0 0.574120 0.216887 0.034635 0.141055
0 0.413724 0.157945 0.026156 0.111094
0 0.564531 0.076227 0.031437 0.117078
0 0.581156 0.385516 0.034104 0.164234
0 0.590354 0.597152 0.043729 0.207727
