0 0.471880 0.777367 0.039427 0.107094
0 0.269146 0.784559 0.046354 0.110289
0 0.279594 0.650285 0.043958 0.110555
0 0.695885 0.204664 0.031521 0.054609
0 0.316359 0.181930 0.028677 0.058047
0 0.320516 0.116023 0.025281 0.051562
0 0.454495 0.125504 0.023740 0.052492
0 0.686120 0.140063 0.035073 0.049953
0 0.466557 0.529105 0.030198 0.082914
0 0.290958 0.527109 0.035958 0.087578
0 0.463891 0.430371 0.031969 0.076586
0 0.299172 0.426543 0.033740 0.076930
0 0.461453 0.341961 0.030635 0.069594
0 0.305828 0.337797 0.029302 0.069266
0 0.458568 0.262371 0.025760 0.062273
0 0.310495 0.255547 0.028865 0.063266
0 0.457422 0.191180 0.026510 0.058047
0 0.708984 0.273426 0.031969 0.058273
0 0.726406 0.350551 0.043479 0.065695
0 0.741750 0.435430 0.040917 0.072406
0 0.759734 0.532668 0.045740 0.082055
0 0.783620 0.646258 0.046885 0.098297
0 0.807599 0.770934 0.045823 0.104695
0 0.468281 0.649570 0.030687 0.113359
