0 0.228026 0.436098 0.039635 0.096867
0 0.524047 0.447129 0.035802 0.094945
0 0.216839 0.564371 0.050510 0.116523
0 0.534917 0.568688 0.043479 0.109813
0 0.202135 0.717102 0.049229 0.141938
0 0.552182 0.710387 0.049865 0.132352
0 0.185828 0.902434 0.058823 0.166398
0 0.571682 0.880855 0.050510 0.150086
0 0.866906 0.866105 0.061688 0.135336
0 0.825016 0.708668 0.064448 0.117383
0 0.789109 0.571602 0.055240 0.104266
0 0.758729 0.455598 0.049708 0.087695
0 0.733870 0.355129 0.040510 0.077336
0 0.513938 0.342824 0.032854 0.082914
0 0.237005 0.323699 0.032031 0.082477
0 0.244682 0.227797 0.029469 0.070969
0 0.505250 0.249852 0.031333 0.072891
0 0.711797 0.267813 0.038031 0.070719
0 0.496229 0.170691 0.027708 0.062336
0 0.691234 0.190270 0.034094 0.060742
0 0.490635 0.101562 0.023979 0.053547
0 0.676047 0.123539 0.030365 0.053547
0 0.254818 0.073629 0.024510 0.055945
0 0.251135 0.146914 0.028771 0.061937
