0 0.639151 0.180559 0.020302 0.147055
0 0.821927 0.163977 0.028771 0.151453
0 0.830349 0.680582 0.030365 0.165430
0 0.644130 0.680586 0.031969 0.155047
0 0.358177 0.681820 0.026646 0.144656
0 0.089516 0.682980 0.022427 0.140664
0 0.092766 0.532484 0.018531 0.126266
0 0.358078 0.521082 0.016281 0.132648
0 0.829599 0.504527 0.026219 0.147695
0 0.645146 0.510520 0.024292 0.143383
0 0.825573 0.334730 0.028771 0.150570
0 0.641432 0.345277 0.023656 0.146727
0 0.358000 0.364734 0.018646 0.136531
0 0.092089 0.383949 0.019531 0.133867
0 0.089380 0.236863 0.020781 0.133867
0 0.357833 0.209137 0.019229 0.139461
