0 0.500203 0.119664 0.032219 0.112781
0 0.067208 0.668387 0.051708 0.154117
0 0.513333 0.613199 0.039771 0.192898
0 0.686714 0.052551 0.055240 0.105102
0 0.503729 0.253563 0.034521 0.136953
0 0.143516 0.256844 0.036823 0.099547
0 0.120880 0.372793 0.037594 0.111633
0 0.094719 0.508363 0.043729 0.129477
0 0.740354 0.363191 0.060771 0.174008
0 0.510333 0.417547 0.033146 0.160750
0 0.767219 0.585859 0.072917 0.221734
0 0.799703 0.854328 0.063635 0.241625
0 0.517974 0.853832 0.046406 0.218758
0 0.034724 0.852336 0.053031 0.162078
0 0.712802 0.189691 0.062917 0.142711
