0 0.669336 0.181620 0.028719 0.102573
0 0.461914 0.706495 0.031687 0.197177
0 0.735168 0.704422 0.050930 0.200823
0 0.481137 0.085219 0.017508 0.084917
0 0.350641 0.096542 0.025250 0.084250
0 0.333336 0.201068 0.030000 0.100698
0 0.478688 0.190880 0.018016 0.102698
0 0.292687 0.496026 0.039922 0.154406
0 0.316242 0.331557 0.035250 0.125635
0 0.473586 0.326276 0.022656 0.127552
0 0.686492 0.317891 0.036328 0.125156
0 0.708609 0.488839 0.043156 0.161115
0 0.468910 0.492432 0.027695 0.157760
0 0.263066 0.702396 0.052820 0.192021
0 0.655598 0.074396 0.025727 0.083917
