0 0.904312 0.727203 0.036458 0.168203
0 0.730177 0.728414 0.033354 0.165750
0 0.071719 0.255129 0.026146 0.135867
0 0.410870 0.265719 0.023448 0.130672
0 0.710839 0.275508 0.025573 0.127078
0 0.880271 0.281699 0.027708 0.124273
0 0.716969 0.419164 0.027167 0.126672
0 0.888266 0.423160 0.025573 0.126680
0 0.894656 0.563418 0.027708 0.122680
0 0.724427 0.564020 0.029312 0.127070
0 0.415042 0.413320 0.023021 0.132344
0 0.078417 0.408770 0.021104 0.136664
0 0.080974 0.563172 0.026219 0.130906
0 0.415995 0.564133 0.023656 0.128031
0 0.080094 0.734531 0.034062 0.174906
0 0.422865 0.736578 0.036833 0.173781
