0 0.173536 0.701344 0.029594 0.085797
0 0.223984 0.118000 0.015677 0.044125
0 0.355672 0.123395 0.012844 0.042586
0 0.217948 0.171672 0.015937 0.046250
0 0.354641 0.175234 0.015927 0.045672
0 0.213839 0.228906 0.017469 0.053188
0 0.356187 0.231312 0.015417 0.051844
0 0.208312 0.293270 0.019271 0.056273
0 0.203047 0.362063 0.020552 0.060125
0 0.358109 0.363027 0.018240 0.059352
0 0.197531 0.435559 0.022937 0.065492
0 0.358109 0.435973 0.019240 0.064102
0 0.190500 0.516863 0.024417 0.073258
0 0.357927 0.515477 0.019604 0.072156
0 0.356448 0.601223 0.018875 0.077148
0 0.182917 0.604414 0.024792 0.077422
0 0.355458 0.696719 0.021583 0.085328
0 0.356182 0.805961 0.023094 0.099234
0 0.164818 0.811289 0.027531 0.099234
0 0.542672 0.800293 0.029906 0.102211
0 0.752807 0.790215 0.037302 0.093242
0 0.843714 0.784773 0.037260 0.089797
0 0.533365 0.691398 0.028062 0.082563
0 0.733005 0.686887 0.033302 0.080477
0 0.821198 0.684113 0.033917 0.079555
0 0.716568 0.594867 0.032927 0.073812
0 0.801484 0.594176 0.033302 0.072430
0 0.525651 0.597922 0.025531 0.075484
0 0.519578 0.514051 0.023740 0.068680
0 0.700880 0.511508 0.030531 0.066828
0 0.783823 0.511621 0.028667 0.067523
0 0.511995 0.436988 0.022573 0.062461
0 0.688885 0.436074 0.027750 0.060352
0 0.767510 0.436422 0.028979 0.061047
0 0.676708 0.365313 0.025583 0.058047
0 0.751943 0.365195 0.025594 0.058281
0 0.664068 0.298828 0.022510 0.051797
0 0.739302 0.300559 0.024979 0.053883
0 0.503427 0.297785 0.020042 0.055727
0 0.507182 0.364938 0.021635 0.057328
0 0.499010 0.234887 0.018500 0.051570
0 0.653646 0.238699 0.021271 0.050414
0 0.726875 0.239047 0.021583 0.051109
0 0.643625 0.182855 0.019729 0.046945
0 0.716240 0.185516 0.020042 0.044859
0 0.634370 0.132094 0.017885 0.043016
0 0.705135 0.133602 0.017583 0.042781
0 0.489750 0.127906 0.016271 0.041438
0 0.493068 0.178492 0.016490 0.046891
