0 0.684521 0.062680 0.033563 0.082719
0 0.412521 0.199945 0.029833 0.086313
0 0.251083 0.144398 0.035167 0.070328
0 0.422115 0.110230 0.027708 0.073930
0 0.226307 0.229512 0.035698 0.082320
0 0.204729 0.330809 0.042625 0.096305
0 0.400271 0.311832 0.035167 0.103102
0 0.729807 0.427516 0.052740 0.136266
0 0.172589 0.452719 0.050615 0.106562
0 0.387932 0.443582 0.038365 0.122758
0 0.135063 0.593672 0.042833 0.126594
0 0.368109 0.601820 0.046031 0.140984
0 0.748526 0.609016 0.058823 0.164000
0 0.709562 0.279262 0.046354 0.111492
0 0.697042 0.160582 0.037292 0.093102
