0 0.211786 0.230215 0.018219 0.052961
0 0.150766 0.796504 0.030240 0.095898
0 0.164526 0.689945 0.028469 0.081922
0 0.174740 0.597203 0.028458 0.073594
0 0.703615 0.120977 0.017396 0.043156
0 0.632729 0.120687 0.017104 0.040484
0 0.713120 0.171430 0.020344 0.046250
0 0.639276 0.171660 0.018198 0.045789
0 0.722990 0.226813 0.020354 0.052031
0 0.647292 0.226934 0.021271 0.051336
0 0.733161 0.288441 0.022198 0.055039
0 0.656234 0.289484 0.020656 0.055266
0 0.744260 0.353309 0.026521 0.059430
0 0.667641 0.355047 0.023740 0.057813
0 0.756755 0.423609 0.028677 0.062672
0 0.676891 0.425922 0.025594 0.063125
0 0.771089 0.501191 0.025906 0.065211
0 0.687068 0.501543 0.028677 0.066367
0 0.786042 0.582594 0.030521 0.072609
0 0.699552 0.584676 0.032063 0.075383
0 0.805312 0.673477 0.030833 0.080469
0 0.713740 0.675789 0.032063 0.080016
0 0.825932 0.778492 0.044406 0.096234
0 0.729141 0.779992 0.037302 0.095906
0 0.334505 0.793773 0.024385 0.102906
0 0.518901 0.786258 0.025594 0.098516
0 0.513661 0.679996 0.025594 0.080242
0 0.337740 0.685547 0.025313 0.082094
0 0.342677 0.592586 0.021000 0.074234
0 0.507958 0.588074 0.022812 0.073070
0 0.505026 0.505289 0.021281 0.066141
0 0.501766 0.429438 0.020406 0.062906
0 0.497932 0.357863 0.019427 0.057117
0 0.493927 0.291379 0.017583 0.054117
0 0.491464 0.227902 0.017573 0.050180
0 0.489453 0.171937 0.014802 0.047406
0 0.486219 0.120719 0.015104 0.040703
0 0.354240 0.120719 0.013292 0.043016
0 0.224583 0.120602 0.014208 0.046016
0 0.350844 0.229637 0.016375 0.052727
0 0.351615 0.171820 0.016063 0.046250
0 0.218875 0.173211 0.018833 0.048094
0 0.205620 0.292535 0.020073 0.055039
0 0.349922 0.292187 0.016990 0.054344
0 0.349766 0.359602 0.020385 0.059203
0 0.199604 0.360063 0.020375 0.057813
0 0.348375 0.430477 0.019458 0.062203
0 0.192823 0.432789 0.023458 0.062672
0 0.183573 0.512340 0.025312 0.068680
0 0.345187 0.508641 0.020354 0.067531
