0 0.748094 0.450125 0.029604 0.061328
0 0.655594 0.384078 0.025896 0.057437
0 0.733292 0.379500 0.025896 0.057172
0 0.643755 0.318867 0.022198 0.053000
0 0.721453 0.315535 0.023677 0.052445
0 0.635984 0.258785 0.023677 0.050508
0 0.709427 0.255734 0.022562 0.050500
0 0.624141 0.203703 0.019240 0.045781
0 0.698698 0.201203 0.021083 0.047453
0 0.688526 0.150562 0.019240 0.043297
0 0.197349 0.477875 0.022573 0.061328
0 0.203266 0.407527 0.021094 0.058273
0 0.344786 0.401008 0.019240 0.057437
0 0.344979 0.335375 0.015167 0.053281
0 0.209187 0.341898 0.018125 0.053562
0 0.213812 0.281961 0.017021 0.049672
0 0.346271 0.275023 0.016271 0.049672
0 0.345161 0.220215 0.014802 0.045508
0 0.218807 0.227707 0.017385 0.044961
0 0.224172 0.177344 0.013323 0.044125
0 0.346641 0.170816 0.013323 0.039961
0 0.474292 0.164023 0.016271 0.039125
0 0.477620 0.212859 0.014802 0.044125
0 0.479656 0.268223 0.016646 0.049945
0 0.485417 0.329691 0.018542 0.052445
0 0.488724 0.393516 0.020719 0.055219
0 0.492792 0.463164 0.020729 0.060219
0 0.497974 0.537676 0.022198 0.066039
0 0.503339 0.621344 0.024052 0.072984
0 0.172370 0.728875 0.027385 0.082141
0 0.181438 0.637297 0.023312 0.072703
0 0.341828 0.629113 0.022198 0.073539
0 0.190130 0.554602 0.025156 0.067156
0 0.343125 0.546832 0.017396 0.068820
0 0.344422 0.470937 0.017760 0.061328
0 0.162010 0.830438 0.025167 0.092687
0 0.336552 0.825129 0.022500 0.095273
0 0.337630 0.720953 0.022823 0.080703
0 0.509443 0.713059 0.025906 0.078258
0 0.517583 0.818508 0.026646 0.096016
0 0.729589 0.808656 0.036260 0.094078
0 0.826536 0.804629 0.042177 0.096570
0 0.709615 0.705426 0.034042 0.079086
0 0.616927 0.155418 0.018125 0.040789
0 0.805630 0.700707 0.035885 0.079086
0 0.692589 0.612738 0.033302 0.074648
0 0.781948 0.609410 0.032938 0.071320
0 0.679646 0.529492 0.031083 0.065766
0 0.764927 0.525605 0.030708 0.066320
0 0.667802 0.454703 0.027375 0.060500
