0 0.373630 0.075625 0.026198 0.078250
0 0.624714 0.095437 0.029302 0.074594
0 0.368677 0.172250 0.029833 0.090312
0 0.135036 0.161660 0.043156 0.093102
0 0.111865 0.280145 0.051146 0.111086
0 0.360948 0.288336 0.032500 0.104297
0 0.353276 0.426316 0.038365 0.126117
0 0.636833 0.190578 0.031083 0.086578
0 0.649302 0.300395 0.039000 0.100227
0 0.667203 0.429387 0.042844 0.118445
0 0.684146 0.578035 0.047312 0.131867
0 0.348130 0.587387 0.039073 0.142898
0 0.082250 0.425902 0.056854 0.132352
0 0.047021 0.591227 0.063292 0.151531
0 0.157620 0.060809 0.039073 0.082586
