0 0.453818 0.207254 0.019719 0.094305
0 0.451688 0.312750 0.025042 0.096703
0 0.449021 0.421242 0.022917 0.097906
0 0.443693 0.533930 0.022906 0.101094
0 0.730755 0.120430 0.023010 0.105500
0 0.272141 0.776625 0.023094 0.085734
0 0.105630 0.778488 0.018115 0.069133
0 0.278260 0.669594 0.023438 0.097500
0 0.746594 0.762184 0.023979 0.115883
0 0.745526 0.623918 0.021844 0.116680
0 0.741000 0.489254 0.022375 0.111883
0 0.736464 0.362180 0.020781 0.108688
0 0.732474 0.240266 0.020781 0.107094
0 0.436453 0.770613 0.021740 0.096383
0 0.440229 0.652609 0.025583 0.105891
0 0.292641 0.352109 0.019177 0.089906
0 0.120547 0.583082 0.015990 0.086711
0 0.113089 0.684180 0.017052 0.089906
0 0.134937 0.389672 0.013854 0.079516
0 0.143458 0.299563 0.019188 0.078328
0 0.298240 0.253008 0.018646 0.089109
0 0.127745 0.485379 0.014385 0.084711
0 0.287312 0.453207 0.021313 0.090711
0 0.282255 0.559902 0.019719 0.094711
