0 0.406599 0.459531 0.021865 0.063547
0 0.644427 0.301371 0.015729 0.060820
0 0.416271 0.317445 0.016375 0.050875
0 0.302500 0.328078 0.016375 0.042547
0 0.297406 0.393059 0.017917 0.049023
0 0.410875 0.384621 0.017292 0.052492
0 0.645750 0.366145 0.015104 0.051570
0 0.290417 0.464805 0.021125 0.056891
0 0.646010 0.445516 0.013687 0.063828
0 0.648781 0.531543 0.018500 0.066602
0 0.651188 0.613820 0.020354 0.071875
0 0.396792 0.616184 0.020021 0.067711
0 0.269328 0.667793 0.018906 0.056055
0 0.282594 0.542867 0.018500 0.061328
0 0.401047 0.538980 0.021865 0.062164
0 0.275062 0.609465 0.017792 0.042180
