0 0.238250 0.608293 0.015542 0.105898
0 0.724771 0.190266 0.023792 0.111062
0 0.510406 0.221340 0.021479 0.106461
0 0.241583 0.260973 0.015104 0.099898
0 0.240474 0.374195 0.014656 0.099906
0 0.238479 0.489250 0.014208 0.103562
0 0.239365 0.729508 0.014208 0.105234
0 0.521661 0.722914 0.019531 0.117547
0 0.518333 0.592547 0.022646 0.113219
0 0.514333 0.465172 0.020875 0.108891
0 0.511750 0.341879 0.019208 0.106695
0 0.730182 0.316504 0.023448 0.111086
0 0.736844 0.446379 0.025042 0.115086
0 0.743500 0.578242 0.026646 0.117484
0 0.748620 0.715508 0.020885 0.121875
