0 0.490863 0.499698 0.022820 0.153292
0 0.328672 0.516312 0.033656 0.147313
0 0.303367 0.707859 0.033812 0.181781
0 0.345355 0.359177 0.027727 0.117479
0 0.668531 0.047255 0.031469 0.089240
0 0.370531 0.132604 0.020484 0.082250
0 0.487949 0.711479 0.023711 0.193729
0 0.774008 0.707125 0.059562 0.218208
0 0.491734 0.096542 0.013734 0.086250
0 0.357824 0.233552 0.021195 0.100125
0 0.491848 0.201036 0.015539 0.100698
0 0.687781 0.157880 0.034531 0.105302
0 0.708277 0.295120 0.042727 0.127740
0 0.491633 0.329073 0.019422 0.115083
0 0.738922 0.474937 0.051359 0.169750
