0 0.445729 0.108824 0.024792 0.073258
0 0.753255 0.448297 0.049552 0.125078
0 0.730870 0.313230 0.043156 0.100305
0 0.714755 0.200707 0.034781 0.086852
0 0.699370 0.107121 0.032073 0.074227
0 0.249443 0.112570 0.036260 0.072984
0 0.441562 0.201262 0.026104 0.087508
0 0.228438 0.203859 0.038896 0.085516
0 0.207661 0.313352 0.043156 0.101500
0 0.436234 0.313148 0.031427 0.102703
0 0.181609 0.450723 0.052427 0.127070
0 0.428724 0.448324 0.037719 0.121320
0 0.151568 0.606090 0.063948 0.143383
0 0.776698 0.607535 0.053813 0.143461
0 0.422646 0.609133 0.036229 0.143453
