0 0.769979 0.191828 0.051146 0.125875
0 0.801146 0.343879 0.061271 0.144648
0 0.830453 0.520902 0.077260 0.170227
0 0.872083 0.747047 0.081646 0.215641
0 0.498797 0.755746 0.040281 0.196602
0 0.309865 0.760062 0.038354 0.180297
0 0.491245 0.556184 0.033094 0.147852
0 0.319281 0.574926 0.034104 0.139461
0 0.325677 0.426207 0.028417 0.123211
0 0.484318 0.399371 0.030635 0.126539
0 0.476302 0.141320 0.026646 0.101094
0 0.480297 0.261199 0.027177 0.113086
0 0.331380 0.296566 0.025573 0.110289
0 0.336438 0.179680 0.023979 0.099500
0 0.103875 0.248414 0.029833 0.089906
0 0.087885 0.354105 0.029833 0.099102
0 0.068443 0.471391 0.033573 0.109891
0 0.047927 0.603461 0.041562 0.123875
0 0.023432 0.765898 0.046865 0.153047
0 0.747339 0.061359 0.049552 0.111891
