0 0.119432 0.723188 0.026281 0.084875
0 0.285740 0.503598 0.023583 0.077586
0 0.440552 0.465879 0.021313 0.087914
0 0.444865 0.571660 0.026271 0.095430
0 0.279911 0.600672 0.027552 0.089188
0 0.141219 0.541395 0.024021 0.073258
0 0.453313 0.826879 0.027229 0.119883
0 0.107255 0.830672 0.028823 0.093906
0 0.263344 0.832473 0.028771 0.115086
0 0.446781 0.690820 0.022438 0.110297
0 0.274156 0.708562 0.028833 0.097828
0 0.132854 0.627523 0.028833 0.082484
0 0.303714 0.193102 0.014490 0.052031
0 0.175833 0.251836 0.016062 0.050188
0 0.434849 0.133688 0.012948 0.056609
0 0.435620 0.203336 0.016573 0.066734
0 0.300021 0.260305 0.016042 0.060781
0 0.170115 0.313059 0.016729 0.055883
0 0.295177 0.333629 0.017021 0.067430
0 0.161234 0.382055 0.017760 0.062719
0 0.437812 0.282016 0.015167 0.072984
0 0.440563 0.370102 0.017813 0.078922
0 0.291823 0.415219 0.019583 0.074594
0 0.152401 0.456680 0.020469 0.066266
