0 0.462005 0.121621 0.023406 0.051258
0 0.456240 0.524270 0.032562 0.082695
0 0.708745 0.276883 0.027719 0.059109
0 0.720786 0.354582 0.031823 0.066883
0 0.734661 0.439355 0.033677 0.073258
0 0.749094 0.534125 0.038854 0.081859
0 0.263651 0.644129 0.045740 0.112555
0 0.452995 0.643109 0.035573 0.106594
0 0.448552 0.775129 0.035562 0.112227
0 0.766927 0.646590 0.047063 0.094898
0 0.786906 0.774531 0.041729 0.106359
0 0.245870 0.775793 0.049323 0.110227
0 0.460177 0.258703 0.027042 0.062156
0 0.313286 0.247051 0.031490 0.061602
0 0.322724 0.174207 0.029635 0.056336
0 0.462578 0.186828 0.023719 0.055500
0 0.699771 0.206535 0.028854 0.053836
0 0.689484 0.142293 0.023906 0.048508
0 0.329677 0.107555 0.029062 0.051641
0 0.304776 0.328355 0.034448 0.069930
0 0.459068 0.338348 0.028531 0.067711
0 0.294177 0.417434 0.038479 0.077148
0 0.458271 0.425758 0.028500 0.074922
0 0.280484 0.517754 0.042927 0.086305
