0 0.188391 0.171695 0.044844 0.089578
0 0.211922 0.075961 0.037740 0.075922
0 0.419271 0.084781 0.027083 0.075594
0 0.389880 0.589746 0.037740 0.143852
0 0.733984 0.586914 0.047510 0.138859
0 0.714667 0.432406 0.042625 0.119547
0 0.397870 0.429074 0.040406 0.120211
0 0.165307 0.286414 0.049281 0.105891
0 0.404844 0.294742 0.033750 0.107891
0 0.137453 0.426016 0.051406 0.130047
0 0.671026 0.096437 0.030635 0.074922
0 0.091302 0.591590 0.053813 0.148648
0 0.696771 0.300734 0.038625 0.099906
0 0.684120 0.190344 0.033740 0.087578
0 0.412833 0.177527 0.028417 0.087914
