0 0.714152 0.276651 0.041430 0.136948
0 0.681004 0.030542 0.025477 0.061083
0 0.493770 0.053813 0.017258 0.087583
0 0.363773 0.081453 0.024500 0.084906
0 0.478957 0.696365 0.032398 0.203125
0 0.348414 0.186682 0.025750 0.102240
0 0.491285 0.162708 0.018727 0.105563
0 0.487051 0.302547 0.021602 0.130240
0 0.333156 0.316953 0.031500 0.123073
0 0.311281 0.481964 0.038406 0.149615
0 0.282148 0.688823 0.044016 0.188167
0 0.482613 0.474771 0.026320 0.164000
0 0.741984 0.460672 0.048766 0.173781
0 0.773750 0.697516 0.058266 0.220385
0 0.694945 0.132219 0.031937 0.106458
