0 0.745333 0.513781 0.044125 0.089188
0 0.501099 0.499398 0.030052 0.091109
0 0.499823 0.400137 0.024937 0.077680
0 0.724875 0.417156 0.035167 0.074328
0 0.322073 0.413082 0.031333 0.076727
0 0.311208 0.515461 0.035167 0.084875
0 0.332943 0.327727 0.026219 0.065219
0 0.495667 0.315020 0.026854 0.071445
0 0.708250 0.333480 0.031333 0.068086
0 0.694823 0.258676 0.026208 0.058508
0 0.493057 0.237816 0.026948 0.060898
0 0.502693 0.615918 0.031969 0.112211
0 0.297141 0.629344 0.041552 0.109328
0 0.276042 0.769367 0.046667 0.126594
0 0.800188 0.765578 0.051146 0.126594
0 0.509406 0.761070 0.035167 0.129953
0 0.354172 0.129438 0.020073 0.046484
0 0.359104 0.080641 0.017604 0.040469
0 0.488609 0.066766 0.015760 0.039078
0 0.660328 0.090055 0.017469 0.040469
0 0.671250 0.137852 0.020813 0.045094
0 0.489318 0.115977 0.015698 0.043750
0 0.491818 0.172242 0.018531 0.052953
0 0.346589 0.186578 0.020990 0.053875
0 0.834203 0.927656 0.060740 0.143859
0 0.260375 0.932449 0.047313 0.133305
0 0.511198 0.927625 0.034521 0.144750
0 0.681240 0.193332 0.025292 0.051336
0 0.337099 0.253160 0.021740 0.056102
0 0.769818 0.628195 0.044115 0.105016
