0 0.379187 0.649809 0.033146 0.154945
0 0.644891 0.362824 0.015344 0.130430
0 0.390391 0.312480 0.024365 0.150570
0 0.384318 0.479352 0.028844 0.141937
0 0.643615 0.506926 0.016625 0.126117
0 0.643547 0.657492 0.021740 0.132828
0 0.943354 0.667078 0.019708 0.113484
0 0.844521 0.664480 0.021313 0.122680
0 0.841323 0.530410 0.018125 0.115086
0 0.936161 0.541602 0.014927 0.108687
0 0.932432 0.419324 0.014927 0.111883
0 0.837380 0.399660 0.017052 0.115086
0 0.928807 0.298961 0.013323 0.109891
0 0.836635 0.271191 0.013312 0.116680
0 0.647755 0.218445 0.012781 0.127875
0 0.393344 0.148113 0.025042 0.147055
