0 0.349120 0.360391 0.033240 0.083906
0 0.491063 0.748559 0.043479 0.158242
0 0.333776 0.748797 0.040927 0.158719
0 0.690859 0.606141 0.032615 0.098781
0 0.900036 0.612355 0.040844 0.091242
0 0.811057 0.609730 0.033885 0.093508
0 0.495531 0.598227 0.030687 0.105016
0 0.336333 0.594629 0.039646 0.109336
0 0.493620 0.483617 0.031969 0.095422
0 0.342089 0.473789 0.034531 0.095906
0 0.681266 0.496328 0.023656 0.093031
0 0.796672 0.504719 0.029406 0.087750
0 0.883307 0.510953 0.037719 0.086797
0 0.785802 0.407375 0.026854 0.079125
0 0.676474 0.398504 0.028135 0.080555
0 0.492979 0.377168 0.026854 0.085836
