0 0.337776 0.645543 0.055240 0.128320
0 0.556365 0.517395 0.039896 0.095523
0 0.562026 0.297582 0.034094 0.080758
0 0.557073 0.406496 0.037292 0.078727
0 0.368729 0.391313 0.044229 0.078719
0 0.910823 0.178867 0.029229 0.063000
0 0.925620 0.256703 0.030719 0.068266
0 0.938906 0.339676 0.040667 0.077164
0 0.959240 0.440117 0.038354 0.084594
0 0.979958 0.545996 0.039896 0.090336
0 0.989594 0.665105 0.020813 0.101852
0 0.554521 0.643531 0.036063 0.109328
0 0.357266 0.509051 0.051406 0.098398
0 0.409854 0.036289 0.033708 0.044125
0 0.564349 0.060152 0.027385 0.054664
0 0.897505 0.106645 0.025906 0.056680
0 0.563573 0.135035 0.029750 0.058945
0 0.400599 0.117883 0.037781 0.061937
0 0.388839 0.196219 0.039115 0.062094
0 0.561328 0.215434 0.033344 0.062570
0 0.382208 0.274410 0.046354 0.078367
