0 0.285771 0.597648 0.017264 0.054578
0 0.397215 0.156922 0.009764 0.044703
0 0.297653 0.178270 0.010472 0.041086
0 0.295743 0.224102 0.009514 0.037203
0 0.394479 0.202016 0.011903 0.036125
0 0.200868 0.301121 0.010569 0.043039
0 0.304889 0.280836 0.011111 0.043469
0 0.477347 0.251699 0.012333 0.054117
0 0.476937 0.315293 0.013153 0.055039
0 0.302014 0.341422 0.014389 0.046250
0 0.196563 0.356918 0.013986 0.043008
0 0.192861 0.416117 0.013167 0.044859
0 0.299139 0.402820 0.014389 0.049250
0 0.475292 0.380852 0.014806 0.057578
0 0.473028 0.447570 0.014389 0.055500
0 0.293785 0.464219 0.015208 0.047641
0 0.186694 0.474855 0.013972 0.045320
0 0.178882 0.537754 0.013986 0.049492
0 0.291938 0.529777 0.015625 0.051570
0 0.172097 0.602621 0.016028 0.052492
0 0.166965 0.669801 0.019736 0.056430
0 0.281194 0.669074 0.019222 0.057852
0 0.471708 0.665621 0.018361 0.065633
0 0.473194 0.590582 0.018056 0.060539
0 0.473542 0.517887 0.015389 0.058945
