0 0.033333 0.476984 0.038896 0.109094
0 0.075641 0.253816 0.030240 0.092242
0 0.310734 0.187883 0.026240 0.098234
0 0.304078 0.304266 0.027135 0.109219
0 0.721292 0.077367 0.045396 0.109328
0 0.451161 0.152172 0.023010 0.100703
0 0.744630 0.208277 0.051156 0.123711
0 0.453401 0.271578 0.026219 0.111250
0 0.770203 0.356688 0.060094 0.143375
0 0.455958 0.407758 0.030042 0.126594
0 0.797698 0.533156 0.074167 0.163516
0 0.458833 0.565281 0.033250 0.148172
0 0.285568 0.582543 0.044760 0.138586
0 0.272703 0.771574 0.042344 0.182992
0 0.056547 0.359207 0.033781 0.099898
0 0.015328 0.609926 0.030656 0.124977
0 0.462016 0.775648 0.045073 0.214750
0 0.835792 0.775992 0.081938 0.251344
0 0.296177 0.433918 0.035167 0.122805
