0 0.203797 0.198344 0.019240 0.100703
0 0.706844 0.141441 0.021312 0.110289
0 0.711375 0.264918 0.023979 0.110289
0 0.193141 0.544598 0.019240 0.105898
0 0.197406 0.426316 0.019229 0.101102
0 0.486745 0.405137 0.020240 0.105898
0 0.713714 0.393152 0.024510 0.113086
0 0.719312 0.522418 0.023979 0.115883
0 0.487010 0.530613 0.021854 0.111492
0 0.725969 0.655687 0.027708 0.121078
0 0.489406 0.659285 0.019188 0.113086
0 0.190432 0.664246 0.018490 0.105883
0 0.200068 0.311430 0.020302 0.100703
0 0.486208 0.287055 0.020250 0.103891
0 0.486745 0.167176 0.019177 0.105492
