0 0.798490 0.530641 0.028417 0.084250
0 0.732875 0.639863 0.029750 0.103898
0 0.628854 0.648891 0.026521 0.123719
0 0.435849 0.649965 0.035865 0.128508
0 0.281156 0.649008 0.035813 0.128516
0 0.722792 0.526477 0.027083 0.088578
0 0.618896 0.521648 0.027083 0.093578
0 0.437521 0.513488 0.031083 0.107227
0 0.280365 0.506332 0.032812 0.115555
0 0.281474 0.374629 0.031490 0.110555
0 0.435526 0.394609 0.028865 0.103234
0 0.613266 0.413660 0.021823 0.090742
0 0.434948 0.280453 0.026646 0.092906
0 0.285984 0.251984 0.033302 0.101234
0 0.608536 0.311566 0.022823 0.083945
0 0.707969 0.329145 0.020042 0.078398
0 0.782130 0.340707 0.025281 0.075617
0 0.888344 0.358895 0.021583 0.073336
0 0.899276 0.445852 0.021823 0.074375
0 0.787531 0.433223 0.026271 0.081305
0 0.714464 0.425871 0.022198 0.085477
0 0.911859 0.533402 0.024052 0.079086
