0 0.253036 0.416719 0.015990 0.064938
0 0.652641 0.676027 0.039969 0.107227
0 0.457500 0.678191 0.029750 0.095570
0 0.451953 0.568969 0.023094 0.089578
0 0.640875 0.550652 0.036854 0.104227
0 0.627776 0.430273 0.028406 0.095906
0 0.447734 0.463074 0.021760 0.086242
0 0.321635 0.485715 0.015542 0.079586
0 0.318969 0.576461 0.019979 0.073922
0 0.197542 0.509195 0.014208 0.074594
0 0.248156 0.499867 0.015979 0.074594
0 0.193099 0.588613 0.016865 0.061602
0 0.118063 0.525344 0.012437 0.067594
0 0.114448 0.596680 0.012021 0.056953
0 0.122505 0.449188 0.013323 0.062609
0 0.202203 0.429375 0.013760 0.066938
0 0.319193 0.396906 0.019531 0.077922
0 0.444578 0.366902 0.017760 0.077586
0 0.622229 0.318984 0.029750 0.088578
0 0.248036 0.582738 0.018240 0.062242
