0 0.206995 0.400703 0.030427 0.070328
0 0.415583 0.386117 0.029875 0.075531
0 0.613521 0.371133 0.021896 0.076719
0 0.219250 0.318582 0.028292 0.065133
0 0.421714 0.301203 0.022969 0.069531
0 0.610417 0.285219 0.026250 0.071125
0 0.231891 0.244012 0.024177 0.058195
0 0.425359 0.225652 0.021490 0.061055
0 0.605010 0.206926 0.023312 0.059664
0 0.428875 0.156836 0.018167 0.052172
0 0.240542 0.177371 0.021125 0.054945
0 0.601109 0.139070 0.013365 0.055500
0 0.647187 0.821395 0.039000 0.114133
0 0.635130 0.688613 0.038365 0.102695
0 0.400406 0.693609 0.034688 0.102297
0 0.158510 0.699203 0.040021 0.098297
0 0.177427 0.589715 0.038417 0.089508
0 0.406797 0.579723 0.032552 0.090305
0 0.624469 0.569734 0.036229 0.091906
0 0.411594 0.477828 0.029354 0.080719
0 0.616984 0.465238 0.020302 0.081914
0 0.195536 0.488613 0.028823 0.074320
0 0.395849 0.822215 0.032010 0.112883
0 0.139219 0.822215 0.046229 0.107555
