0 0.354005 0.596504 0.020427 0.089242
0 0.442495 0.396875 0.015990 0.078922
0 0.737276 0.591945 0.023656 0.095906
0 0.438286 0.595031 0.020302 0.091109
0 0.186083 0.599836 0.025312 0.087906
0 0.196297 0.501270 0.020865 0.082586
0 0.359026 0.495109 0.017760 0.084250
0 0.439312 0.493773 0.016125 0.086250
0 0.574141 0.490445 0.019094 0.086906
0 0.729099 0.486117 0.023531 0.088906
0 0.571698 0.392707 0.018646 0.080586
0 0.722214 0.386551 0.023969 0.084914
0 0.570589 0.299137 0.016427 0.077258
0 0.716667 0.291480 0.019979 0.080586
0 0.364792 0.310625 0.016875 0.075594
0 0.442495 0.306961 0.017760 0.078250
0 0.211833 0.318285 0.017312 0.074930
0 0.203177 0.407195 0.021313 0.079594
0 0.363016 0.400035 0.017760 0.078586
