0 0.353047 0.746531 0.033760 0.164000
0 0.804932 0.241980 0.019719 0.144648
0 0.632839 0.254965 0.021844 0.140258
0 0.367771 0.277746 0.022375 0.133867
0 0.117354 0.299324 0.021312 0.128273
0 0.363510 0.428395 0.021312 0.133867
0 0.113891 0.440781 0.020781 0.126672
0 0.109042 0.583934 0.021104 0.121320
0 0.358708 0.578184 0.020458 0.128992
0 0.627828 0.574648 0.027177 0.139859
0 0.798318 0.570055 0.020802 0.143453
0 0.802318 0.406613 0.025573 0.144258
0 0.629698 0.414805 0.022375 0.139859
0 0.794974 0.750270 0.027615 0.174930
0 0.620427 0.749410 0.026854 0.172055
0 0.103307 0.740777 0.028385 0.155945
