0 0.504698 0.547797 0.030896 0.084719
0 0.319526 0.665320 0.045344 0.111969
0 0.305349 0.806336 0.047469 0.111891
0 0.514010 0.806723 0.039896 0.108180
0 0.852437 0.805227 0.052938 0.110484
0 0.497505 0.211687 0.023969 0.056609
0 0.717187 0.170367 0.024667 0.049250
0 0.730448 0.233035 0.028979 0.053414
0 0.742781 0.302414 0.029604 0.058969
0 0.760297 0.377566 0.037302 0.065680
0 0.775792 0.463422 0.033750 0.071922
0 0.799193 0.560379 0.042198 0.085164
0 0.819510 0.674316 0.041396 0.098977
0 0.508797 0.671152 0.038365 0.112211
0 0.494776 0.147703 0.023156 0.049953
0 0.363266 0.132672 0.027781 0.050875
0 0.358182 0.197426 0.027469 0.057352
0 0.354172 0.269227 0.029323 0.061750
0 0.499120 0.282293 0.028031 0.062898
0 0.501724 0.360777 0.028365 0.067992
0 0.346927 0.350605 0.032708 0.067523
0 0.338995 0.439703 0.033031 0.080313
0 0.503104 0.449293 0.028771 0.075523
0 0.330474 0.540605 0.039427 0.088711
