0 0.455792 0.408637 0.016271 0.051617
0 0.384010 0.427367 0.015542 0.043016
0 0.385677 0.369371 0.015917 0.041898
0 0.457646 0.344813 0.017021 0.047172
0 0.375870 0.617734 0.012573 0.043016
0 0.378646 0.561402 0.014438 0.053555
0 0.646526 0.611074 0.021094 0.074648
0 0.453385 0.612465 0.015167 0.046898
0 0.373651 0.668656 0.014802 0.044406
0 0.633172 0.292836 0.018135 0.057437
0 0.634464 0.441094 0.011719 0.063359
0 0.652151 0.689500 0.019094 0.057250
0 0.453948 0.666102 0.014208 0.046953
0 0.642271 0.527547 0.018500 0.067984
0 0.455052 0.476211 0.014792 0.056891
0 0.454125 0.550023 0.015917 0.059109
0 0.380682 0.491332 0.014802 0.050508
0 0.632797 0.360270 0.012948 0.051898
