0 0.641521 0.216566 0.022375 0.060742
0 0.434266 0.290293 0.025573 0.069930
0 0.664964 0.378805 0.031969 0.074328
0 0.433438 0.377402 0.025000 0.080320
0 0.433198 0.476309 0.027708 0.089508
0 0.259771 0.495086 0.031438 0.084719
0 0.245385 0.607773 0.038896 0.103094
0 0.228333 0.737848 0.039958 0.117883
0 0.214479 0.892289 0.047417 0.139063
0 0.751547 0.875711 0.055948 0.136266
0 0.433995 0.883301 0.037823 0.139461
0 0.434266 0.726656 0.030906 0.121875
0 0.721979 0.721461 0.049021 0.116281
0 0.699594 0.589391 0.042625 0.102297
0 0.432401 0.589793 0.029302 0.105492
0 0.271661 0.398969 0.027573 0.075922
0 0.280323 0.312891 0.028896 0.066266
0 0.308521 0.056523 0.019187 0.045156
0 0.300797 0.109875 0.020781 0.048750
0 0.294932 0.170012 0.022906 0.055539
0 0.286948 0.235945 0.025042 0.060344
0 0.432932 0.212770 0.022906 0.061945
0 0.433208 0.142641 0.019208 0.057547
0 0.432932 0.082699 0.015448 0.048758
0 0.433464 0.031152 0.014385 0.044758
0 0.611953 0.037547 0.019719 0.042359
0 0.621547 0.089094 0.021844 0.049547
0 0.630068 0.147234 0.023969 0.055547
0 0.651646 0.293289 0.029833 0.069531
