0 0.375005 0.294293 0.010177 0.044398
0 0.489396 0.285738 0.012646 0.054117
0 0.486927 0.228156 0.011417 0.051344
0 0.485385 0.177168 0.012021 0.038617
0 0.407687 0.205609 0.008938 0.041859
0 0.407995 0.254059 0.011406 0.044398
0 0.378552 0.246773 0.012333 0.040469
0 0.273406 0.282734 0.012333 0.039312
0 0.268323 0.328867 0.013875 0.041859
0 0.264927 0.379277 0.012646 0.046023
0 0.253583 0.493914 0.016958 0.053188
0 0.402104 0.859996 0.015542 0.064102
0 0.372380 0.405180 0.011719 0.051109
0 0.406453 0.369102 0.011406 0.054344
0 0.496115 0.413945 0.013875 0.055734
0 0.257839 0.434895 0.014490 0.049492
0 0.370688 0.467504 0.012646 0.055039
0 0.407224 0.434664 0.014177 0.058281
0 0.500188 0.487734 0.015729 0.064516
0 0.503734 0.569023 0.019115 0.071687
0 0.404990 0.584676 0.016063 0.071914
0 0.407281 0.505703 0.013875 0.064750
0 0.368745 0.534031 0.015719 0.062203
0 0.246490 0.558660 0.018500 0.056430
0 0.365672 0.608262 0.018219 0.068680
0 0.238349 0.628195 0.018802 0.063828
0 0.229880 0.706117 0.020781 0.069937
0 0.362016 0.690336 0.018656 0.070328
0 0.493245 0.347945 0.014802 0.053188
0 0.405172 0.674148 0.017573 0.076328
0 0.508427 0.659844 0.019188 0.079125
0 0.222188 0.786297 0.019792 0.067063
0 0.518865 0.857613 0.019542 0.064930
0 0.513536 0.762207 0.023094 0.089242
0 0.404312 0.769203 0.015979 0.085250
0 0.357911 0.777027 0.018198 0.072930
0 0.407375 0.309094 0.010792 0.051344
0 0.373922 0.347363 0.013573 0.049258
