0 0.380104 0.515148 0.026167 0.079125
0 0.360885 0.855250 0.031521 0.111219
0 0.120464 0.856914 0.043510 0.103234
0 0.606302 0.851215 0.044750 0.109492
0 0.593250 0.719156 0.037833 0.103469
0 0.367318 0.728535 0.032552 0.100695
0 0.141677 0.736328 0.039479 0.094703
0 0.159526 0.629031 0.040010 0.086313
0 0.372375 0.614648 0.032021 0.089516
0 0.581797 0.601262 0.031969 0.091508
0 0.577000 0.496770 0.030896 0.077523
0 0.176042 0.533727 0.030417 0.077125
0 0.190161 0.446414 0.029885 0.068734
0 0.384099 0.426437 0.025635 0.073531
0 0.570875 0.406855 0.025042 0.071133
0 0.389427 0.344316 0.019229 0.065133
0 0.202948 0.367094 0.026687 0.061937
0 0.567677 0.322340 0.023979 0.064336
0 0.393422 0.272590 0.018698 0.059148
0 0.562615 0.246816 0.023438 0.058742
0 0.396885 0.205059 0.017104 0.051148
0 0.221865 0.233031 0.021896 0.053547
0 0.214667 0.297762 0.024563 0.056742
0 0.558620 0.180484 0.020781 0.050750
