0 0.504250 0.431039 0.034187 0.123547
0 0.833260 0.433371 0.049292 0.127539
0 0.852396 0.594676 0.051062 0.141523
0 0.500068 0.589594 0.031969 0.139859
0 0.260786 0.433555 0.049948 0.123141
0 0.783974 0.068566 0.035073 0.083258
0 0.514688 0.076227 0.023979 0.081250
0 0.314891 0.081887 0.031969 0.072602
0 0.298234 0.183621 0.035073 0.090242
0 0.283177 0.293645 0.040396 0.101055
0 0.236979 0.584480 0.046958 0.132648
0 0.512896 0.175793 0.025792 0.091242
0 0.798625 0.172797 0.036854 0.093906
0 0.813057 0.292008 0.046177 0.107891
0 0.508917 0.294840 0.030188 0.106898
