0 0.439193 0.442141 0.031490 0.121484
0 0.167542 0.604625 0.042833 0.145344
0 0.441156 0.601055 0.033958 0.140984
0 0.793479 0.591223 0.063292 0.142414
0 0.764255 0.433129 0.056260 0.122758
0 0.734068 0.296141 0.050615 0.101234
0 0.712755 0.183582 0.040844 0.087914
0 0.692781 0.089012 0.038187 0.077258
0 0.238766 0.109492 0.030240 0.077250
0 0.436344 0.098172 0.021354 0.076594
0 0.436786 0.192410 0.023135 0.086586
0 0.224557 0.204230 0.033781 0.088242
0 0.437552 0.308156 0.029604 0.105453
0 0.210536 0.314262 0.038156 0.104336
0 0.192771 0.447738 0.044812 0.120680
