0 0.685719 0.604633 0.049104 0.142703
0 0.920875 0.616141 0.060604 0.128891
0 0.506573 0.594848 0.048333 0.150758
0 0.052365 0.574137 0.079021 0.181836
0 0.081906 0.384242 0.062917 0.149609
0 0.497365 0.434305 0.036062 0.127750
0 0.660781 0.454160 0.040667 0.121414
0 0.885583 0.481203 0.051396 0.111062
0 0.850672 0.360652 0.041427 0.097820
0 0.639682 0.325262 0.038365 0.107602
0 0.488542 0.299656 0.032229 0.113938
0 0.523411 0.810078 0.050385 0.213781
0 0.722276 0.800633 0.060990 0.188922
0 0.963844 0.797977 0.054479 0.182984
0 0.479104 0.179891 0.027500 0.098781
0 0.821453 0.258082 0.040490 0.086711
0 0.026380 0.830465 0.052760 0.250570
0 0.621385 0.212531 0.033563 0.093906
0 0.108271 0.230000 0.051792 0.126109
0 0.128411 0.099812 0.044760 0.109328
