0 0.360431 0.378793 0.016444 0.047180
0 0.565771 0.658965 0.022097 0.069133
0 0.565764 0.579441 0.019250 0.065133
0 0.214118 0.590234 0.017819 0.056344
0 0.349097 0.585438 0.020667 0.058734
0 0.207375 0.660164 0.022806 0.060344
0 0.352292 0.514906 0.017111 0.054344
0 0.221931 0.521500 0.019250 0.054750
0 0.356910 0.445578 0.019264 0.052344
0 0.228681 0.455367 0.017111 0.049547
0 0.565778 0.504477 0.016028 0.062203
0 0.566194 0.432211 0.016028 0.059203
0 0.564757 0.362027 0.017264 0.057586
0 0.234014 0.391859 0.016028 0.046484
0 0.239153 0.329652 0.014806 0.045555
0 0.364333 0.314965 0.014389 0.045789
0 0.367625 0.253340 0.014389 0.045555
0 0.244493 0.269641 0.015625 0.042547
0 0.567014 0.295082 0.015222 0.055039
0 0.567840 0.228363 0.013569 0.053414
0 0.443882 0.178531 0.011514 0.040234
0 0.329389 0.196566 0.012750 0.038852
0 0.333292 0.150086 0.012333 0.042094
0 0.445854 0.130547 0.011514 0.045328
