0 0.481651 0.384816 0.011990 0.069602
0 0.348010 0.356180 0.019083 0.076922
0 0.725635 0.656711 0.015979 0.070594
0 0.544927 0.649887 0.012438 0.080914
0 0.333583 0.643559 0.021313 0.090914
0 0.482516 0.647391 0.013719 0.084578
0 0.703437 0.432605 0.014208 0.061273
0 0.710318 0.503531 0.013760 0.063938
0 0.626625 0.488879 0.014208 0.066602
0 0.541370 0.475895 0.013323 0.071258
0 0.482099 0.466070 0.012885 0.072266
0 0.640651 0.749188 0.016865 0.091906
0 0.482990 0.552984 0.012875 0.078250
0 0.543146 0.560477 0.011542 0.077250
0 0.631062 0.569133 0.014208 0.073266
0 0.718083 0.577625 0.012438 0.067594
0 0.635724 0.653883 0.015531 0.077594
0 0.546745 0.752520 0.016427 0.096570
0 0.478344 0.751520 0.018250 0.094570
0 0.327161 0.751684 0.020469 0.095570
0 0.344458 0.445426 0.018208 0.079586
0 0.339354 0.540328 0.018646 0.085578
0 0.623292 0.414957 0.012875 0.064602
0 0.540042 0.396973 0.012437 0.066602
