0 0.466672 0.567562 0.018865 0.073531
0 0.469422 0.329480 0.014135 0.053961
0 0.468651 0.408297 0.016698 0.067453
0 0.466370 0.486922 0.016281 0.062438
0 0.331677 0.487613 0.018542 0.062711
0 0.337745 0.407652 0.013906 0.057352
0 0.471333 0.261641 0.013854 0.055313
0 0.345698 0.259684 0.010771 0.044695
0 0.325000 0.612824 0.019979 0.051617
0 0.710068 0.329770 0.014177 0.053883
0 0.713464 0.405734 0.012948 0.061516
0 0.717161 0.487367 0.016031 0.062437
0 0.721323 0.564484 0.017583 0.068219
0 0.327641 0.554043 0.022240 0.049102
0 0.708375 0.263516 0.015729 0.059203
