0 0.419698 0.677594 0.021500 0.081859
0 0.252271 0.691883 0.024833 0.076594
0 0.241911 0.783594 0.024094 0.076312
0 0.418036 0.775965 0.021865 0.082695
0 0.494438 0.766945 0.019271 0.095734
0 0.495547 0.872539 0.019281 0.073813
0 0.643755 0.870594 0.027010 0.073266
0 0.633026 0.763340 0.029969 0.103508
0 0.491859 0.656781 0.020031 0.091297
0 0.620068 0.647621 0.027010 0.090742
0 0.490943 0.558820 0.018135 0.074094
0 0.421734 0.586988 0.020385 0.072148
0 0.610823 0.545918 0.024792 0.078258
0 0.487594 0.475016 0.015208 0.070766
0 0.425437 0.506652 0.018167 0.065773
0 0.602125 0.457813 0.021458 0.067437
0 0.487609 0.396621 0.015906 0.061055
0 0.426911 0.434227 0.015948 0.060219
0 0.594911 0.379695 0.017385 0.063828
0 0.485000 0.326414 0.013729 0.059391
0 0.429505 0.368043 0.014469 0.054945
0 0.589359 0.307684 0.017385 0.058555
0 0.484240 0.262031 0.014521 0.050000
0 0.429318 0.305879 0.014094 0.052164
0 0.431740 0.250090 0.013688 0.048258
0 0.585089 0.241625 0.017802 0.050813
0 0.432833 0.201125 0.012250 0.041906
0 0.484260 0.205840 0.015208 0.050227
0 0.482948 0.154641 0.013396 0.045516
0 0.574562 0.132164 0.015167 0.042734
0 0.580115 0.183223 0.015167 0.047727
0 0.306328 0.231926 0.014844 0.042742
0 0.299672 0.279238 0.015573 0.044680
0 0.293750 0.334742 0.017792 0.051891
0 0.288568 0.393984 0.016323 0.052172
0 0.281172 0.459199 0.022240 0.059383
0 0.271365 0.528852 0.024833 0.063828
0 0.262115 0.605305 0.026312 0.069656
