0 0.427078 0.332242 0.018135 0.058000
0 0.262281 0.349613 0.022562 0.057164
0 0.272089 0.286758 0.022198 0.053000
0 0.502057 0.293004 0.016615 0.058836
0 0.502599 0.365273 0.016281 0.063516
0 0.503703 0.446742 0.017760 0.068266
0 0.422859 0.402895 0.018865 0.063273
0 0.418609 0.479898 0.020719 0.069656
0 0.414724 0.563566 0.024052 0.074930
0 0.503891 0.537480 0.018865 0.082695
0 0.504078 0.640020 0.020719 0.094070
0 0.408057 0.659859 0.027010 0.085469
0 0.402698 0.764617 0.027375 0.083531
0 0.505182 0.757676 0.020719 0.103508
0 0.659661 0.755598 0.032198 0.108227
0 0.506161 0.868801 0.026198 0.081258
0 0.671109 0.870633 0.030198 0.079594
0 0.194984 0.768133 0.028240 0.080719
0 0.211500 0.669234 0.032500 0.084313
0 0.226417 0.576328 0.029313 0.075922
0 0.239734 0.492812 0.028240 0.069531
0 0.251990 0.418883 0.026104 0.064734
0 0.279448 0.230398 0.019604 0.047453
0 0.289568 0.178617 0.018906 0.042734
0 0.436802 0.160023 0.015208 0.040625
0 0.432615 0.211426 0.016917 0.049617
0 0.428396 0.268535 0.018250 0.053945
0 0.501979 0.225801 0.016708 0.053961
0 0.501896 0.166891 0.015521 0.049109
0 0.501536 0.114766 0.013385 0.045766
0 0.601906 0.101363 0.017021 0.043570
0 0.607453 0.154367 0.017760 0.048562
0 0.613016 0.214305 0.021448 0.051891
0 0.617818 0.281180 0.022198 0.058000
0 0.623734 0.355273 0.023677 0.063547
0 0.629104 0.437551 0.026271 0.068820
0 0.636318 0.530242 0.026635 0.079922
0 0.647974 0.634164 0.031448 0.092969
