0 0.493148 0.228641 0.016484 0.097510
0 0.490152 0.357911 0.022477 0.123469
0 0.352004 0.379714 0.028492 0.109531
0 0.734234 0.494375 0.053859 0.171937
0 0.334910 0.531339 0.029070 0.135469
0 0.485656 0.519151 0.025469 0.153448
0 0.305023 0.717078 0.042297 0.175510
0 0.480457 0.724844 0.028055 0.195646
0 0.767664 0.731182 0.060422 0.222115
0 0.704437 0.316526 0.043156 0.128323
0 0.685617 0.181687 0.032969 0.103896
0 0.668461 0.075365 0.028469 0.084250
0 0.380484 0.166609 0.021250 0.074281
0 0.495496 0.129635 0.015508 0.081583
0 0.366375 0.263807 0.024281 0.094302
