0 0.248328 0.150090 0.027010 0.072977
0 0.436344 0.602820 0.035167 0.137063
0 0.801844 0.592031 0.070333 0.152250
0 0.765594 0.420652 0.064375 0.130148
0 0.433073 0.449098 0.031812 0.118773
0 0.194984 0.606395 0.034635 0.136305
0 0.213339 0.466156 0.037344 0.109891
0 0.227187 0.341883 0.032021 0.098703
0 0.429120 0.316887 0.027656 0.102258
0 0.425932 0.205867 0.025531 0.085750
0 0.236120 0.238059 0.027010 0.085195
0 0.731349 0.281738 0.058073 0.107492
0 0.703875 0.165383 0.046250 0.091578
0 0.681370 0.068367 0.042177 0.082250
0 0.423896 0.115402 0.022937 0.074648
