0 0.163172 0.325809 0.015094 0.080258
0 0.156073 0.416055 0.014208 0.082922
0 0.304146 0.374426 0.019979 0.088914
0 0.148745 0.510125 0.013760 0.085250
0 0.450401 0.441695 0.022198 0.100563
0 0.295927 0.582223 0.023083 0.095570
0 0.142750 0.606863 0.014208 0.088242
0 0.134089 0.708594 0.014656 0.090578
0 0.292375 0.691613 0.023979 0.101898
0 0.285453 0.802402 0.020865 0.089914
0 0.737906 0.784797 0.027167 0.123875
0 0.451953 0.332637 0.026198 0.098242
0 0.298813 0.476992 0.019979 0.093578
0 0.446625 0.554914 0.021750 0.103234
0 0.721635 0.253293 0.021833 0.109055
0 0.725901 0.377195 0.019531 0.109891
0 0.731250 0.506359 0.022375 0.114687
0 0.736042 0.642820 0.023438 0.119875
0 0.443026 0.674109 0.021906 0.107094
0 0.440099 0.796387 0.022427 0.103898
0 0.127495 0.812691 0.016031 0.089242
0 0.718661 0.134719 0.024865 0.105063
0 0.455120 0.226258 0.019760 0.095969
0 0.307693 0.277523 0.016427 0.088906
