0 0.415813 0.532414 0.018833 0.057578
0 0.351984 0.542125 0.016990 0.052953
0 0.348901 0.597512 0.016365 0.040695
0 0.343661 0.645844 0.015760 0.040703
0 0.411953 0.594969 0.016677 0.047172
0 0.575958 0.595375 0.014208 0.073922
0 0.576849 0.676125 0.015990 0.057609
0 0.577224 0.511738 0.017906 0.068914
0 0.420281 0.459359 0.017292 0.056656
0 0.358151 0.474047 0.016990 0.049484
0 0.362469 0.409988 0.015146 0.043477
0 0.423979 0.392066 0.017917 0.052492
0 0.580943 0.344891 0.014802 0.062672
0 0.427479 0.326484 0.015729 0.046016
0 0.365505 0.350879 0.011406 0.039773
0 0.583839 0.271375 0.016031 0.061516
