0 0.662729 0.167773 0.027167 0.160641
0 0.845214 0.152992 0.025573 0.166234
0 0.841938 0.341094 0.026688 0.164172
0 0.368661 0.535734 0.024865 0.146187
0 0.095599 0.718738 0.028010 0.179992
0 0.103260 0.541121 0.026167 0.135867
0 0.357755 0.721461 0.031969 0.180297
0 0.643922 0.724277 0.035906 0.187820
0 0.829036 0.724754 0.035906 0.187414
0 0.834813 0.525016 0.024000 0.161437
0 0.653937 0.529012 0.027708 0.159039
0 0.657135 0.348992 0.023438 0.157844
0 0.374214 0.365777 0.025573 0.152242
0 0.109948 0.379562 0.023438 0.145453
0 0.114208 0.218922 0.022375 0.145453
0 0.379281 0.194348 0.025042 0.152242
