0 0.596839 0.406777 0.013323 0.068820
0 0.600536 0.491137 0.017010 0.066602
0 0.603313 0.573973 0.018875 0.072977
0 0.287313 0.631695 0.018167 0.048562
0 0.290646 0.579941 0.015208 0.038852
0 0.294708 0.518336 0.016687 0.057719
0 0.385177 0.574668 0.016313 0.047180
0 0.386839 0.508762 0.017427 0.059664
0 0.597094 0.324332 0.015542 0.059945
0 0.391839 0.362102 0.017802 0.056609
0 0.303224 0.377918 0.017427 0.049398
0 0.305625 0.314926 0.016313 0.046070
0 0.391099 0.433555 0.016323 0.060219
0 0.394984 0.293699 0.017427 0.051336
0 0.597750 0.252520 0.017792 0.059273
0 0.383880 0.627430 0.018760 0.046250
0 0.299156 0.446047 0.018167 0.056328
