0 0.466823 0.394102 0.018187 0.064984
0 0.284599 0.406938 0.023740 0.064750
0 0.292771 0.335598 0.020354 0.057117
0 0.467901 0.321953 0.017885 0.058047
0 0.300323 0.271656 0.020667 0.054578
0 0.307875 0.213148 0.019729 0.047641
0 0.466823 0.256148 0.015729 0.051828
0 0.467750 0.197426 0.013250 0.045789
0 0.313578 0.162039 0.017573 0.041625
0 0.469146 0.146527 0.013583 0.042586
0 0.542063 0.100766 0.016958 0.044406
0 0.547302 0.153832 0.015729 0.047867
0 0.550536 0.213727 0.019115 0.054344
0 0.554802 0.281207 0.021063 0.057430
0 0.559875 0.355203 0.022271 0.064234
0 0.565755 0.439605 0.025156 0.071320
0 0.466948 0.472215 0.020021 0.071039
0 0.570937 0.532293 0.026646 0.085742
0 0.466578 0.560598 0.021490 0.079648
0 0.464172 0.661191 0.022615 0.089914
0 0.578891 0.641629 0.027010 0.095742
0 0.467880 0.771813 0.028823 0.089672
0 0.590031 0.765340 0.031333 0.112211
0 0.595786 0.883781 0.028781 0.083438
0 0.770656 0.882102 0.037083 0.082953
0 0.751792 0.762461 0.041562 0.111250
0 0.730693 0.635629 0.033885 0.098305
0 0.713109 0.527496 0.034531 0.086320
0 0.698401 0.430152 0.031969 0.071930
0 0.686260 0.347676 0.026854 0.069055
0 0.676031 0.273109 0.026854 0.058984
0 0.664438 0.203063 0.022937 0.054391
0 0.655443 0.143961 0.021094 0.048016
0 0.647859 0.091094 0.021469 0.044406
0 0.275490 0.484867 0.025167 0.071875
0 0.264573 0.572277 0.029229 0.076867
0 0.251625 0.670516 0.031458 0.087406
0 0.238120 0.776801 0.030344 0.087414
