0 0.592995 0.298016 0.014177 0.075156
0 0.470589 0.315359 0.014802 0.071453
0 0.369760 0.329352 0.013563 0.071219
0 0.310714 0.338023 0.012635 0.067750
0 0.199406 0.353980 0.015104 0.064977
0 0.192776 0.429484 0.016656 0.068453
0 0.307786 0.416762 0.014802 0.071227
0 0.367448 0.411445 0.016333 0.071219
0 0.469042 0.400117 0.014187 0.074000
0 0.593453 0.387742 0.014490 0.081625
0 0.595458 0.480590 0.016646 0.082320
0 0.467042 0.488566 0.015104 0.077930
0 0.363286 0.495852 0.016031 0.074469
0 0.302698 0.499551 0.015104 0.073539
0 0.186302 0.507879 0.015417 0.070758
0 0.295453 0.585461 0.019115 0.075156
0 0.358198 0.584766 0.018188 0.079781
0 0.464297 0.581453 0.016427 0.083250
0 0.597276 0.577293 0.017760 0.086914
