0 0.509979 0.478957 0.018208 0.084586
0 0.512411 0.384344 0.016677 0.080016
0 0.652901 0.373613 0.017573 0.083711
0 0.515078 0.294063 0.015719 0.076781
0 0.651979 0.280187 0.015729 0.080016
0 0.399609 0.306090 0.016031 0.074461
0 0.330542 0.312680 0.016646 0.071922
0 0.201964 0.326203 0.017885 0.069375
0 0.173182 0.585383 0.026240 0.084578
0 0.312391 0.581891 0.023115 0.082250
0 0.396786 0.392902 0.018531 0.075852
0 0.326792 0.397871 0.016063 0.075617
0 0.194516 0.407355 0.018531 0.072383
0 0.186193 0.491414 0.017302 0.071687
0 0.322172 0.486555 0.017302 0.078625
0 0.654729 0.471965 0.018208 0.087242
0 0.390771 0.483785 0.018646 0.081586
0 0.385885 0.579855 0.018646 0.083914
0 0.506651 0.578691 0.017760 0.087586
0 0.658057 0.575859 0.023969 0.091906
