0 0.981130 0.683059 0.037302 0.092305
0 0.893750 0.690656 0.042625 0.104297
0 0.355620 0.715625 0.041552 0.155844
0 0.530646 0.713430 0.045292 0.153844
0 0.723271 0.697457 0.041583 0.124305
0 0.966479 0.577168 0.027167 0.080320
0 0.866844 0.571570 0.038896 0.089906
0 0.798646 0.567773 0.035687 0.097500
0 0.698474 0.562980 0.035698 0.104695
0 0.681432 0.445098 0.028240 0.099102
0 0.779464 0.459883 0.029302 0.091109
0 0.843401 0.468273 0.029302 0.087109
0 0.945698 0.483262 0.025042 0.076320
0 0.506672 0.417922 0.036760 0.112687
0 0.347359 0.393352 0.035698 0.125078
0 0.346031 0.257883 0.040500 0.113891
0 0.498411 0.296445 0.031969 0.099906
0 0.669974 0.335207 0.028781 0.088711
0 0.925719 0.392750 0.026646 0.072734
0 0.763214 0.357383 0.029844 0.082719
0 0.819688 0.692051 0.036229 0.111086
0 0.517328 0.551793 0.042094 0.119883
0 0.350026 0.543602 0.034635 0.132266
0 0.831682 0.372770 0.035698 0.079117
