0 0.302901 0.719750 0.020865 0.093906
0 0.327099 0.276523 0.023969 0.085250
0 0.500479 0.301168 0.015542 0.081258
0 0.579292 0.311488 0.013312 0.078586
0 0.809063 0.343125 0.018208 0.074594
0 0.693844 0.326809 0.019542 0.075930
0 0.817500 0.429039 0.019979 0.077922
0 0.698724 0.415887 0.017760 0.080914
0 0.581734 0.404563 0.017323 0.082250
0 0.502474 0.396574 0.017760 0.084914
0 0.322656 0.379090 0.021313 0.091914
0 0.319104 0.488480 0.023083 0.097570
0 0.503141 0.497973 0.016427 0.091242
0 0.582620 0.503133 0.020865 0.088906
0 0.705391 0.510957 0.020427 0.085914
0 0.829042 0.518453 0.022646 0.080250
0 0.839031 0.614523 0.020417 0.085250
0 0.711604 0.613023 0.021313 0.090906
0 0.587281 0.608695 0.018646 0.096906
0 0.503365 0.606863 0.018646 0.097898
0 0.309115 0.603699 0.028854 0.105555
0 0.499146 0.718250 0.022646 0.092906
