0 0.422646 0.263969 0.012875 0.046953
0 0.585151 0.646258 0.022635 0.085578
0 0.576719 0.550852 0.019979 0.074594
0 0.467271 0.564840 0.016875 0.071930
0 0.275458 0.534867 0.019542 0.060609
0 0.412432 0.589980 0.021760 0.069602
0 0.267469 0.608793 0.021313 0.065930
0 0.257479 0.690211 0.020875 0.073594
0 0.598474 0.857715 0.023531 0.070930
0 0.467938 0.859211 0.018208 0.065938
0 0.593146 0.753984 0.024417 0.095234
0 0.468156 0.759977 0.021313 0.087906
0 0.245932 0.777125 0.020865 0.073594
0 0.406000 0.767969 0.021313 0.075266
0 0.409547 0.676063 0.020427 0.076594
0 0.414214 0.512555 0.016427 0.061938
0 0.467271 0.482090 0.016875 0.067602
0 0.571375 0.464762 0.019958 0.065617
0 0.466380 0.406832 0.015990 0.063602
0 0.417760 0.442293 0.015542 0.057945
0 0.285672 0.467770 0.019531 0.056273
0 0.290557 0.404832 0.015990 0.050945
0 0.420219 0.378855 0.014188 0.051617
0 0.566948 0.390355 0.017313 0.062586
0 0.465938 0.338898 0.014208 0.058937
0 0.562510 0.318914 0.017313 0.055609
0 0.466385 0.276789 0.014208 0.053281
0 0.420203 0.317918 0.012427 0.052945
0 0.295443 0.348723 0.015094 0.050617
0 0.301656 0.295441 0.015104 0.045289
0 0.306542 0.247656 0.014208 0.040297
0 0.468167 0.657246 0.018625 0.082258
0 0.559177 0.254320 0.015979 0.054266
0 0.427531 0.214520 0.015542 0.039961
0 0.465937 0.169066 0.012437 0.042289
0 0.466401 0.221352 0.012385 0.046953
0 0.555182 0.196539 0.015094 0.050609
0 0.551854 0.144758 0.015542 0.044953
