0 0.655641 0.777246 0.036760 0.108695
0 0.512583 0.783242 0.027708 0.091906
0 0.672161 0.896527 0.035698 0.081117
0 0.838656 0.893531 0.041562 0.080719
0 0.813880 0.775250 0.042094 0.107891
0 0.640188 0.654371 0.033563 0.096305
0 0.509385 0.672949 0.026646 0.087914
0 0.788042 0.651371 0.040500 0.094305
0 0.505125 0.570254 0.022375 0.079117
0 0.626339 0.546074 0.029302 0.081117
0 0.764333 0.544676 0.035687 0.083914
0 0.503526 0.481344 0.023448 0.071531
0 0.615677 0.453969 0.025042 0.072734
0 0.744349 0.451570 0.031969 0.074328
0 0.605823 0.369055 0.026646 0.063531
0 0.727854 0.369234 0.028854 0.066266
0 0.499193 0.400871 0.019990 0.063602
0 0.497193 0.329605 0.020427 0.058273
0 0.597318 0.294309 0.022635 0.060273
0 0.493422 0.262676 0.018198 0.052945
0 0.588880 0.227871 0.021760 0.055945
0 0.700328 0.229047 0.027969 0.053625
0 0.713422 0.294809 0.027531 0.059273
0 0.582000 0.169598 0.018646 0.049945
0 0.687672 0.170098 0.023969 0.048289
0 0.575339 0.117316 0.017760 0.043961
0 0.677682 0.117316 0.022635 0.043961
0 0.491198 0.153781 0.015542 0.040953
0 0.491776 0.204488 0.015677 0.045289
0 0.330547 0.154973 0.017760 0.040789
0 0.323703 0.205477 0.018865 0.046344
0 0.318521 0.264309 0.021083 0.054117
0 0.312599 0.330496 0.021094 0.057164
0 0.307979 0.403340 0.024417 0.062992
0 0.300391 0.483812 0.027010 0.071312
0 0.292438 0.574418 0.031083 0.079367
0 0.279672 0.677371 0.031448 0.090461
0 0.272641 0.788094 0.030719 0.091578
