0 0.352840 0.532427 0.037117 0.141563
0 0.517785 0.355193 0.022008 0.125448
0 0.376492 0.379073 0.028484 0.113937
0 0.511141 0.520917 0.025031 0.155937
0 0.325996 0.721740 0.044883 0.177813
0 0.803746 0.745047 0.059555 0.230177
0 0.502426 0.734833 0.031289 0.195646
0 0.742766 0.311057 0.043156 0.131198
0 0.522332 0.222609 0.017898 0.102948
0 0.723738 0.171380 0.034461 0.106698
0 0.706656 0.060484 0.029672 0.089510
0 0.525348 0.119333 0.015961 0.085562
0 0.406609 0.160167 0.022063 0.081312
0 0.392180 0.258729 0.026078 0.096708
0 0.771246 0.500375 0.051789 0.181833
