0 0.627458 0.395547 0.027167 0.077125
0 0.398323 0.400141 0.027229 0.075922
0 0.251807 0.425520 0.030427 0.075523
0 0.234755 0.518824 0.034677 0.086320
0 0.393797 0.497848 0.029885 0.085914
0 0.636510 0.492449 0.032500 0.087117
0 0.645573 0.603340 0.034625 0.099508
0 0.385219 0.608629 0.032417 0.099898
0 0.215167 0.625613 0.038625 0.096570
0 0.193385 0.751250 0.038354 0.111063
0 0.173052 0.894242 0.051396 0.127750
0 0.365245 0.889641 0.038365 0.136953
0 0.674057 0.887051 0.040656 0.132930
0 0.660250 0.734852 0.040667 0.116234
0 0.376719 0.738590 0.033833 0.117961
0 0.286771 0.201738 0.022292 0.053945
0 0.296031 0.142000 0.020833 0.049547
0 0.305880 0.089254 0.020302 0.045555
0 0.422302 0.055883 0.020833 0.045156
0 0.598953 0.048891 0.018115 0.043156
0 0.603214 0.103039 0.019177 0.049156
0 0.411911 0.168375 0.021365 0.055141
0 0.417505 0.108031 0.018698 0.048750
0 0.609604 0.161180 0.022375 0.054344
0 0.614938 0.230512 0.023438 0.061945
0 0.408979 0.236906 0.026167 0.061937
0 0.274714 0.266277 0.026156 0.056742
0 0.264062 0.341602 0.028292 0.069125
0 0.405521 0.313430 0.024562 0.071922
0 0.620266 0.308234 0.025573 0.071125
