0 0.125885 0.292578 0.026917 0.149125
0 0.483260 0.639082 0.029417 0.163039
0 0.794948 0.636922 0.031333 0.156797
0 0.969172 0.639082 0.031969 0.156320
0 0.963099 0.476523 0.023656 0.132344
0 0.792714 0.472445 0.025573 0.133781
0 0.479422 0.466691 0.028135 0.136664
0 0.787594 0.319000 0.026854 0.135703
0 0.477823 0.307250 0.027500 0.140984
0 0.959708 0.327734 0.022375 0.135063
0 0.954651 0.177684 0.022906 0.133070
0 0.785750 0.165695 0.022917 0.137063
0 0.476578 0.147523 0.021156 0.141937
0 0.122344 0.124504 0.028854 0.148648
0 0.127167 0.459449 0.029479 0.141461
0 0.125297 0.640859 0.035906 0.182984
