0 0.657932 0.684020 0.027698 0.125070
0 0.817771 0.373328 0.029833 0.076719
0 0.824432 0.467633 0.026115 0.080719
0 0.748771 0.459645 0.025042 0.087117
0 0.741052 0.363340 0.021313 0.079914
0 0.314781 0.298402 0.032021 0.086711
0 0.458906 0.322379 0.026167 0.085914
0 0.637953 0.349555 0.022906 0.082719
0 0.642750 0.449453 0.023979 0.089906
0 0.461062 0.430672 0.028229 0.099500
0 0.310255 0.416086 0.032552 0.101500
0 0.461062 0.547555 0.031438 0.103891
0 0.305990 0.541160 0.035750 0.110289
0 0.834557 0.566137 0.028240 0.085914
0 0.757833 0.562738 0.028229 0.089508
0 0.648292 0.557145 0.026104 0.094305
0 0.461328 0.682820 0.039427 0.126672
0 0.302526 0.683219 0.040552 0.131469
