0 0.603203 0.281691 0.038365 0.133305
0 0.600005 0.147426 0.031969 0.108367
0 0.159135 0.240934 0.053125 0.100695
0 0.122047 0.360094 0.056969 0.115563
0 0.076250 0.506129 0.066292 0.138383
0 0.614297 0.663148 0.055240 0.212125
0 0.606010 0.449367 0.040875 0.160750
0 0.028734 0.688426 0.057469 0.173180
0 0.614182 0.903086 0.061865 0.193828
0 0.961833 0.905586 0.076333 0.188828
0 0.926724 0.651164 0.099740 0.231609
0 0.881969 0.416676 0.078000 0.172148
0 0.842000 0.241652 0.065854 0.135711
0 0.814833 0.103313 0.056271 0.114125
