0 0.652062 0.454715 0.022646 0.060945
0 0.477828 0.329496 0.015573 0.054664
0 0.476714 0.267750 0.014844 0.051062
0 0.343516 0.275520 0.017052 0.049945
0 0.216234 0.282043 0.018531 0.049117
0 0.209203 0.341566 0.021490 0.052164
0 0.340552 0.334906 0.016312 0.052172
0 0.477641 0.392488 0.018906 0.056883
0 0.338333 0.399840 0.019271 0.056055
0 0.201062 0.405254 0.021500 0.055773
0 0.192188 0.474902 0.024458 0.060773
0 0.333714 0.468520 0.020385 0.061883
0 0.479495 0.462000 0.015948 0.062156
0 0.480969 0.537480 0.018167 0.064383
0 0.330568 0.542895 0.022240 0.067992
0 0.181271 0.549832 0.026313 0.066320
0 0.171099 0.628504 0.026677 0.071039
0 0.324089 0.623508 0.024094 0.073266
0 0.482286 0.617957 0.019240 0.072711
0 0.485057 0.708840 0.020344 0.080195
0 0.682271 0.703012 0.030708 0.079086
0 0.774396 0.700652 0.029229 0.081023
0 0.789755 0.800137 0.036260 0.086852
0 0.695589 0.803883 0.032927 0.089906
0 0.486542 0.809570 0.020354 0.092406
0 0.145125 0.815234 0.030250 0.086719
0 0.312859 0.811301 0.023469 0.087180
0 0.158823 0.717820 0.028854 0.075922
0 0.317995 0.713156 0.023969 0.077250
0 0.758401 0.609727 0.030198 0.071266
0 0.670469 0.611891 0.029271 0.072922
0 0.745302 0.525980 0.028854 0.065602
0 0.659833 0.529641 0.026646 0.064938
0 0.733755 0.450219 0.026198 0.059938
0 0.349620 0.171184 0.012990 0.042180
0 0.230109 0.177703 0.014469 0.044125
0 0.223266 0.228207 0.018531 0.045789
0 0.346656 0.220992 0.015208 0.045781
0 0.475234 0.213641 0.011885 0.046063
0 0.474495 0.163828 0.011135 0.042453
0 0.688927 0.150367 0.016646 0.042734
0 0.618260 0.154250 0.017396 0.041625
0 0.696880 0.199902 0.019240 0.046898
0 0.623625 0.203785 0.017021 0.044680
0 0.705026 0.255680 0.020719 0.050234
0 0.629917 0.259148 0.019979 0.050500
0 0.712979 0.315758 0.021083 0.053281
0 0.721859 0.380141 0.024781 0.057719
0 0.645635 0.385133 0.023312 0.056609
0 0.636391 0.320336 0.020344 0.051891
