0 0.515698 0.771109 0.019729 0.092500
0 0.503302 0.491500 0.018125 0.063547
0 0.406526 0.508152 0.016323 0.066320
0 0.495406 0.287566 0.012333 0.050414
0 0.492938 0.230793 0.011104 0.046477
0 0.491089 0.180840 0.011094 0.042320
0 0.411542 0.204895 0.011104 0.045555
0 0.411542 0.254844 0.013562 0.049719
0 0.376854 0.247902 0.010792 0.042320
0 0.267990 0.280395 0.015146 0.042086
0 0.374693 0.295543 0.012635 0.045555
0 0.261536 0.327109 0.013260 0.043469
0 0.255833 0.378680 0.014188 0.047172
0 0.372229 0.347922 0.012646 0.048563
0 0.409995 0.309766 0.012948 0.050875
0 0.496641 0.352086 0.014802 0.054578
0 0.408917 0.370586 0.012646 0.056422
0 0.499724 0.417988 0.013573 0.057352
0 0.407995 0.436375 0.015115 0.059438
0 0.369604 0.405621 0.014188 0.050180
0 0.250745 0.434293 0.015719 0.051102
0 0.243036 0.494187 0.018198 0.054812
0 0.367448 0.468863 0.014792 0.057352
0 0.363286 0.536852 0.017573 0.061047
0 0.235172 0.560211 0.019115 0.060125
0 0.226229 0.630973 0.021583 0.064289
0 0.359583 0.611430 0.018813 0.068219
0 0.404141 0.589000 0.014802 0.074234
0 0.507849 0.572863 0.019094 0.072602
0 0.508911 0.666051 0.018802 0.080477
0 0.402073 0.677617 0.016646 0.081859
0 0.355208 0.694496 0.019729 0.074930
0 0.216151 0.709758 0.020969 0.070297
0 0.207667 0.790813 0.023125 0.069609
0 0.520167 0.866316 0.020958 0.068445
0 0.398062 0.867820 0.018500 0.066828
0 0.400224 0.776824 0.016031 0.085102
0 0.349656 0.782719 0.019729 0.073312
