0 0.516437 0.704617 0.018875 0.096016
0 0.728187 0.704539 0.038104 0.103234
0 0.718016 0.581465 0.034781 0.105727
0 0.519797 0.594227 0.018802 0.089953
0 0.520568 0.490047 0.017885 0.084641
0 0.708406 0.461465 0.028979 0.095273
0 0.703474 0.351695 0.027010 0.088797
0 0.518906 0.395199 0.018500 0.080727
0 0.392333 0.421898 0.020042 0.073531
0 0.316943 0.441102 0.014802 0.066578
0 0.269000 0.451148 0.016958 0.063594
0 0.186099 0.469000 0.014365 0.061031
0 0.261464 0.528902 0.020323 0.072055
0 0.313365 0.520914 0.021354 0.073422
0 0.387906 0.511176 0.018729 0.073977
0 0.384797 0.602180 0.017240 0.079859
0 0.174323 0.619063 0.023771 0.067063
0 0.251849 0.612141 0.017448 0.073219
0 0.305859 0.607809 0.021302 0.077352
0 0.178375 0.542164 0.016271 0.065844
