0 0.333625 0.557203 0.024979 0.082328
0 0.508141 0.158273 0.016656 0.042781
0 0.601875 0.141043 0.019125 0.046711
0 0.610661 0.194000 0.019427 0.050875
0 0.687896 0.161277 0.021583 0.046945
0 0.700542 0.213426 0.023438 0.046711
0 0.620990 0.251465 0.023438 0.053883
0 0.712417 0.270199 0.023125 0.053883
0 0.631625 0.317395 0.024667 0.059664
0 0.726750 0.333563 0.027125 0.058047
0 0.642677 0.388797 0.026646 0.064656
0 0.742948 0.403367 0.025167 0.062719
0 0.655443 0.468855 0.027010 0.070492
0 0.759417 0.480789 0.029229 0.067156
0 0.670984 0.557934 0.030719 0.079914
0 0.780505 0.567785 0.032927 0.077430
0 0.689297 0.659250 0.036260 0.093297
0 0.803630 0.664828 0.036260 0.087141
0 0.539438 0.569602 0.024354 0.078625
0 0.547766 0.669613 0.025594 0.088102
0 0.328208 0.662559 0.026854 0.094352
0 0.830135 0.776805 0.037833 0.098703
0 0.857307 0.878504 0.033573 0.067930
0 0.708922 0.776406 0.036240 0.100297
0 0.556807 0.779004 0.029302 0.088711
0 0.322375 0.784996 0.029312 0.109492
0 0.351187 0.125086 0.016063 0.042547
0 0.347948 0.177582 0.015750 0.049023
0 0.511224 0.209148 0.017885 0.048797
0 0.515542 0.267656 0.019729 0.055266
0 0.344401 0.237590 0.019760 0.056195
0 0.520474 0.333445 0.020344 0.058281
0 0.342240 0.305809 0.021000 0.058508
0 0.341474 0.381316 0.023156 0.066602
0 0.526490 0.404324 0.021896 0.064523
0 0.533583 0.483297 0.023125 0.070766
0 0.338234 0.464332 0.024698 0.071227
