0 0.504870 0.461879 0.024052 0.063133
0 0.512068 0.539203 0.022198 0.068266
0 0.688187 0.541840 0.028125 0.067430
0 0.767188 0.543086 0.027750 0.063828
0 0.348719 0.537754 0.021000 0.071461
0 0.173708 0.536555 0.027167 0.072609
0 0.164854 0.628848 0.028708 0.081633
0 0.349255 0.626414 0.021885 0.078625
0 0.154187 0.731234 0.030750 0.090469
0 0.348083 0.725129 0.021833 0.086586
0 0.351031 0.840766 0.024417 0.105563
0 0.145437 0.848258 0.035125 0.106562
0 0.541063 0.832437 0.031521 0.105562
0 0.209083 0.133141 0.014771 0.043516
0 0.343120 0.146875 0.013490 0.040781
0 0.203411 0.185734 0.016698 0.047531
0 0.342802 0.196652 0.014562 0.045289
0 0.344406 0.253020 0.013917 0.050102
0 0.197323 0.242516 0.018229 0.052953
0 0.192391 0.307266 0.019448 0.058047
0 0.724432 0.715223 0.035969 0.080914
0 0.744635 0.820117 0.038187 0.094906
0 0.833661 0.817453 0.043073 0.096906
0 0.809458 0.714223 0.032854 0.080258
0 0.705344 0.624313 0.035958 0.073594
0 0.785708 0.623480 0.034188 0.071930
0 0.519974 0.624145 0.027531 0.076586
0 0.491797 0.324844 0.019427 0.055734
0 0.486094 0.262984 0.018500 0.051797
0 0.480719 0.208937 0.015417 0.045609
0 0.475703 0.158547 0.015635 0.041438
0 0.615682 0.171523 0.016948 0.039609
0 0.681703 0.177812 0.019094 0.040953
0 0.624948 0.219652 0.018208 0.045930
0 0.694109 0.226238 0.018635 0.043680
0 0.529516 0.720051 0.028865 0.084586
0 0.635792 0.274441 0.022354 0.050492
0 0.704526 0.278297 0.021073 0.047797
0 0.646672 0.334465 0.022510 0.053648
0 0.718052 0.337469 0.022812 0.050406
0 0.497047 0.390793 0.023677 0.056055
0 0.660234 0.397602 0.024406 0.055891
0 0.731448 0.400875 0.026979 0.054344
0 0.673240 0.467199 0.027104 0.059898
0 0.747255 0.467777 0.029594 0.060586
0 0.187458 0.377453 0.023771 0.062438
0 0.181292 0.453648 0.025000 0.066828
0 0.349193 0.457004 0.019115 0.065680
0 0.348115 0.385082 0.018813 0.061508
0 0.346729 0.315477 0.017271 0.057344
