0 0.263306 0.508488 0.016139 0.055305
0 0.398569 0.430758 0.017167 0.053359
0 0.266840 0.442055 0.015069 0.051516
0 0.472181 0.157109 0.013861 0.042734
0 0.472667 0.107715 0.011889 0.046617
0 0.273118 0.313621 0.016319 0.044961
0 0.400896 0.296695 0.015347 0.048844
0 0.400153 0.362879 0.015833 0.050227
0 0.270153 0.377168 0.016333 0.049398
0 0.613042 0.343035 0.017250 0.058273
0 0.615521 0.413941 0.017264 0.060773
0 0.618229 0.487336 0.017764 0.061609
0 0.621188 0.563512 0.019736 0.064664
0 0.625188 0.644012 0.021208 0.068820
0 0.354521 0.176816 0.013375 0.041070
0 0.397604 0.500285 0.014764 0.057023
0 0.354771 0.128109 0.010903 0.045234
0 0.274354 0.250770 0.012875 0.039680
0 0.402125 0.232453 0.013861 0.041344
0 0.609597 0.206090 0.014306 0.053555
0 0.612313 0.273383 0.017764 0.057719
0 0.253847 0.648641 0.017722 0.059891
0 0.257653 0.577555 0.016472 0.058000
0 0.396340 0.571980 0.015653 0.060352
