0 0.077724 0.391109 0.023135 0.121547
0 0.366771 0.384953 0.023125 0.123875
0 0.662255 0.378793 0.021802 0.127539
0 0.846734 0.376625 0.024906 0.130531
0 0.846734 0.228437 0.022240 0.129203
0 0.663802 0.234102 0.024021 0.126547
0 0.845896 0.521461 0.023458 0.127078
0 0.662109 0.524062 0.023490 0.125875
0 0.843875 0.671188 0.027625 0.133406
0 0.659432 0.674145 0.029552 0.140867
0 0.359292 0.669316 0.033229 0.131211
0 0.074036 0.526105 0.022448 0.116039
0 0.362708 0.525863 0.023083 0.121320
0 0.369630 0.245098 0.024510 0.123070
0 0.078724 0.255289 0.025573 0.121078
