0 0.295635 0.347730 0.013896 0.048945
0 0.457651 0.169652 0.012052 0.045555
0 0.541995 0.144098 0.013573 0.042086
0 0.419583 0.214512 0.009250 0.038617
0 0.573271 0.746039 0.025042 0.093906
0 0.579667 0.844742 0.017583 0.067531
0 0.453922 0.840750 0.017573 0.070719
0 0.250391 0.765418 0.022906 0.067930
0 0.399047 0.756625 0.019719 0.075125
0 0.259182 0.682504 0.020240 0.069930
0 0.401443 0.669113 0.020240 0.074320
0 0.454443 0.749832 0.018677 0.083914
0 0.455255 0.651133 0.017052 0.079125
0 0.566609 0.639746 0.022385 0.081117
0 0.455536 0.559824 0.016490 0.069930
0 0.562078 0.548633 0.021844 0.076328
0 0.556219 0.463719 0.018646 0.066328
0 0.456323 0.480102 0.013854 0.068734
0 0.409167 0.508676 0.015458 0.062742
0 0.276500 0.531250 0.019708 0.059938
0 0.283693 0.466719 0.019177 0.057141
0 0.410234 0.441742 0.016510 0.058344
0 0.404906 0.584996 0.017583 0.069133
0 0.267974 0.603379 0.021844 0.065930
0 0.290406 0.404059 0.014896 0.051070
0 0.414229 0.377984 0.012583 0.050484
0 0.457667 0.406336 0.015104 0.057813
0 0.552771 0.387488 0.014208 0.064055
0 0.550318 0.317766 0.014802 0.053656
0 0.456432 0.339387 0.013260 0.052492
0 0.414521 0.318574 0.013833 0.049258
0 0.300250 0.295563 0.014833 0.043938
0 0.416641 0.263074 0.012677 0.047867
0 0.305641 0.247930 0.012052 0.038391
0 0.457036 0.276953 0.015135 0.052031
0 0.547219 0.253363 0.013604 0.055273
0 0.457036 0.220641 0.012677 0.049031
0 0.543677 0.195781 0.012063 0.050188
