0 0.509271 0.184848 0.024417 0.091242
0 0.775229 0.079121 0.035958 0.080258
0 0.510604 0.087281 0.023542 0.077922
0 0.312802 0.096605 0.033750 0.076586
0 0.500109 0.593332 0.036510 0.138586
0 0.854344 0.594770 0.053062 0.141461
0 0.234802 0.589473 0.049229 0.134789
0 0.260979 0.437969 0.046750 0.121313
0 0.502979 0.436051 0.033313 0.123242
0 0.831443 0.435602 0.048844 0.125203
0 0.810125 0.296406 0.042625 0.105234
0 0.505964 0.298070 0.028469 0.099906
0 0.280656 0.302797 0.041563 0.105094
0 0.295708 0.191844 0.035958 0.087906
0 0.790547 0.180687 0.037302 0.090906
