0 0.686789 0.167740 0.031469 0.104292
0 0.704316 0.305604 0.038961 0.126667
0 0.474117 0.710281 0.026969 0.187021
0 0.300293 0.698693 0.037758 0.168635
0 0.758168 0.719969 0.056461 0.220583
0 0.728863 0.486505 0.048336 0.170906
0 0.482086 0.503932 0.024500 0.151844
0 0.327613 0.512797 0.034133 0.136656
0 0.348121 0.363745 0.029070 0.113490
0 0.487934 0.342969 0.020977 0.123875
0 0.362961 0.243068 0.024578 0.096698
0 0.492133 0.212693 0.017984 0.100698
0 0.495277 0.107203 0.017086 0.082323
0 0.377211 0.144177 0.023703 0.081896
0 0.672398 0.057250 0.028469 0.086313
