0 0.760027 0.262953 0.045570 0.143698
0 0.740348 0.109661 0.034180 0.114698
0 0.729727 0.019630 0.025375 0.039260
0 0.410930 0.102807 0.021609 0.084719
0 0.533055 0.058453 0.016516 0.091906
0 0.531109 0.168146 0.016813 0.108292
0 0.397891 0.208698 0.021906 0.099104
0 0.385301 0.332578 0.027305 0.118281
0 0.527660 0.306401 0.021305 0.129865
0 0.367168 0.488807 0.031508 0.145010
0 0.523395 0.475000 0.025461 0.156521
0 0.786867 0.454854 0.050063 0.181833
0 0.817250 0.697167 0.059125 0.224417
0 0.342746 0.668635 0.030570 0.166437
0 0.519133 0.681844 0.028094 0.189896
