0 0.509193 0.501086 0.018240 0.067453
0 0.509255 0.583711 0.017385 0.071875
0 0.510552 0.661000 0.015542 0.052172
0 0.259693 0.640184 0.016281 0.046617
0 0.265240 0.588289 0.015542 0.042734
0 0.333688 0.585520 0.017021 0.045508
0 0.336833 0.522246 0.016646 0.056055
0 0.267833 0.532238 0.015542 0.054945
0 0.272141 0.461363 0.016531 0.049180
0 0.341375 0.446488 0.018250 0.056273
0 0.343370 0.377227 0.018698 0.050281
0 0.277214 0.396703 0.016031 0.042625
0 0.280323 0.336434 0.014250 0.041961
0 0.348031 0.314121 0.018250 0.049945
0 0.512557 0.264172 0.015990 0.060609
0 0.510563 0.335434 0.015542 0.060602
