0 0.353229 0.345281 0.020125 0.047047
0 0.571594 0.391719 0.018500 0.055734
0 0.568974 0.471156 0.018198 0.064750
0 0.569745 0.557758 0.019115 0.068219
0 0.572057 0.642629 0.017573 0.075617
0 0.331260 0.565645 0.023646 0.062055
0 0.325193 0.635098 0.022865 0.048758
0 0.202891 0.694934 0.021844 0.052414
0 0.320057 0.695887 0.025906 0.055961
0 0.219547 0.571418 0.022573 0.060773
0 0.210667 0.638574 0.019604 0.041898
0 0.340406 0.488531 0.024833 0.066594
0 0.229776 0.496578 0.024094 0.061609
0 0.241583 0.423414 0.021750 0.049281
0 0.346589 0.414590 0.020427 0.056945
0 0.249057 0.360375 0.019490 0.046094
0 0.572042 0.324660 0.015750 0.059430
