0 0.016844 0.648707 0.031458 0.095523
0 0.661323 0.677801 0.046042 0.216133
0 0.909906 0.678840 0.069979 0.244445
0 0.650734 0.470305 0.030385 0.153297
0 0.867557 0.261770 0.046031 0.158820
0 0.649354 0.300090 0.029458 0.148461
0 0.639776 0.145652 0.023010 0.137148
0 0.851406 0.096980 0.043479 0.146258
0 0.313755 0.228320 0.028115 0.115562
0 0.072406 0.290422 0.031333 0.100703
0 0.304177 0.360910 0.030688 0.125633
0 0.053542 0.404066 0.030687 0.106461
0 0.034813 0.526727 0.031333 0.111250
0 0.278089 0.658492 0.038365 0.146156
