0 0.668021 0.670238 0.029229 0.076320
0 0.654703 0.583102 0.027010 0.069656
0 0.570901 0.588512 0.025906 0.068820
0 0.581260 0.675234 0.028125 0.075203
0 0.682641 0.767500 0.029594 0.087688
0 0.592302 0.770500 0.031083 0.085250
0 0.116073 0.790480 0.022604 0.078258
0 0.405062 0.780488 0.017396 0.088242
0 0.255380 0.784930 0.019281 0.083250
0 0.401552 0.601918 0.018500 0.068539
0 0.403031 0.686277 0.019979 0.072977
0 0.258552 0.695586 0.019604 0.072734
0 0.125510 0.703902 0.021500 0.069930
0 0.133464 0.624672 0.020385 0.064656
0 0.262229 0.613293 0.019646 0.065211
0 0.265000 0.538785 0.017062 0.062711
0 0.140865 0.551133 0.021875 0.062437
0 0.147339 0.482453 0.020760 0.057172
0 0.268510 0.468719 0.016687 0.058000
0 0.397828 0.454008 0.015573 0.059109
0 0.399328 0.524910 0.017760 0.061602
0 0.644271 0.501602 0.025896 0.064938
0 0.563422 0.510480 0.024052 0.062164
0 0.632427 0.427508 0.022937 0.057172
0 0.556578 0.436641 0.022906 0.058609
0 0.602208 0.175832 0.018250 0.045289
0 0.594750 0.125551 0.017271 0.043711
0 0.526609 0.137805 0.016656 0.041859
0 0.529229 0.187781 0.018187 0.046016
0 0.608318 0.232645 0.020344 0.052492
0 0.535396 0.243141 0.018188 0.050875
0 0.615719 0.292863 0.019729 0.052727
0 0.541719 0.303844 0.019729 0.053422
0 0.624047 0.358098 0.022198 0.056883
0 0.549120 0.367801 0.019740 0.055523
0 0.395104 0.324207 0.016958 0.051086
0 0.394182 0.264766 0.015115 0.048328
0 0.391719 0.210906 0.013875 0.044172
0 0.391406 0.161395 0.013250 0.039539
0 0.277464 0.181641 0.013594 0.043453
0 0.172474 0.198625 0.013281 0.042781
0 0.275302 0.230203 0.016063 0.045344
0 0.168307 0.247652 0.015448 0.046477
0 0.272990 0.283508 0.015750 0.050203
0 0.162297 0.300145 0.015760 0.049258
0 0.271760 0.342000 0.016375 0.052031
0 0.157208 0.356918 0.016062 0.052727
0 0.153203 0.417504 0.017302 0.055039
0 0.270057 0.403398 0.016677 0.056891
0 0.394937 0.388031 0.016687 0.055703
