0 0.512898 0.529938 0.024578 0.154646
0 0.795395 0.755047 0.062148 0.216823
0 0.510305 0.747797 0.028484 0.207844
0 0.301742 0.739922 0.047906 0.197948
0 0.340562 0.530755 0.034141 0.153635
0 0.517586 0.238901 0.016484 0.095240
0 0.704258 0.231797 0.032672 0.093115
0 0.726887 0.359672 0.038961 0.118677
0 0.756707 0.529740 0.052445 0.163042
0 0.515730 0.363391 0.019211 0.113885
0 0.361387 0.366583 0.032398 0.112292
0 0.376969 0.246703 0.028203 0.092302
0 0.393004 0.151401 0.024305 0.074323
0 0.517805 0.141411 0.016125 0.075156
0 0.685926 0.132318 0.028617 0.077656
