0 0.600333 0.419379 0.018187 0.055273
0 0.348771 0.724699 0.027458 0.057352
0 0.268870 0.380992 0.020656 0.040469
0 0.378021 0.372664 0.018813 0.051109
0 0.601411 0.353934 0.014802 0.058508
0 0.371859 0.438688 0.020656 0.055500
0 0.261474 0.448172 0.018802 0.053188
0 0.251604 0.518934 0.023125 0.057352
0 0.366151 0.510723 0.022198 0.061742
0 0.602495 0.496270 0.013260 0.064289
0 0.609771 0.668086 0.020042 0.074000
0 0.605297 0.583219 0.019740 0.068453
0 0.359063 0.590898 0.021896 0.062203
0 0.239734 0.597832 0.021885 0.060820
0 0.353818 0.662699 0.020656 0.051805
0 0.232802 0.662699 0.021583 0.048102
0 0.224932 0.722363 0.020656 0.053648
