0 0.337687 0.551914 0.018687 0.062938
0 0.332854 0.679121 0.021271 0.056195
0 0.561490 0.296840 0.016875 0.056945
0 0.345682 0.331137 0.017802 0.049617
0 0.246667 0.351617 0.017812 0.047953
0 0.242005 0.416219 0.020031 0.052609
0 0.342125 0.400070 0.018687 0.055609
0 0.561490 0.364605 0.014208 0.049945
0 0.562823 0.446855 0.014208 0.063273
0 0.237568 0.485484 0.019135 0.058609
0 0.341240 0.472000 0.019583 0.060937
0 0.569922 0.534434 0.019531 0.067930
0 0.230906 0.561742 0.018250 0.061937
0 0.573250 0.617684 0.022646 0.073258
0 0.222469 0.680125 0.020021 0.052281
0 0.227354 0.623348 0.016479 0.043961
0 0.334578 0.619852 0.017802 0.048953
