0 0.351625 0.191809 0.011000 0.041430
0 0.543910 0.680691 0.017681 0.066602
0 0.346424 0.684395 0.015708 0.060758
0 0.349368 0.610875 0.016486 0.055500
0 0.543618 0.603742 0.015792 0.061672
0 0.234431 0.616074 0.016139 0.053570
0 0.229458 0.684871 0.017167 0.058195
0 0.542174 0.530605 0.015986 0.059898
0 0.353806 0.543387 0.015417 0.052227
0 0.239944 0.551633 0.015806 0.050297
0 0.246451 0.488523 0.013736 0.047406
0 0.357458 0.476852 0.015111 0.048000
0 0.541771 0.460859 0.013736 0.058406
0 0.541431 0.392832 0.013056 0.056867
0 0.360021 0.413750 0.012708 0.044703
0 0.251764 0.428387 0.012722 0.043914
0 0.255535 0.368938 0.012708 0.041453
0 0.363792 0.352160 0.011333 0.043742
0 0.541937 0.327695 0.012708 0.053750
0 0.366361 0.293480 0.012361 0.043164
0 0.259299 0.312281 0.013403 0.041031
0 0.542208 0.264633 0.011361 0.052422
0 0.351458 0.239211 0.011333 0.039891
0 0.451153 0.216289 0.011333 0.038359
0 0.452868 0.170309 0.009292 0.045461
