0 0.751729 0.685352 0.030688 0.162078
0 0.084078 0.519301 0.026698 0.131867
0 0.748531 0.523277 0.024292 0.128508
0 0.929469 0.522316 0.026854 0.128508
0 0.923078 0.377262 0.024302 0.129945
0 0.742776 0.374145 0.025573 0.131383
0 0.918281 0.230766 0.026208 0.128516
0 0.739255 0.226211 0.023656 0.130906
0 0.423974 0.218723 0.020948 0.133555
0 0.081417 0.210246 0.023021 0.138102
0 0.426677 0.519535 0.026208 0.133789
0 0.426328 0.369453 0.021844 0.132672
0 0.085411 0.364457 0.019760 0.138664
0 0.081750 0.681164 0.035292 0.157094
0 0.430000 0.681230 0.031333 0.152492
