0 0.687182 0.627516 0.023969 0.127469
0 0.414651 0.427539 0.023531 0.105562
0 0.412656 0.544090 0.023979 0.108227
0 0.666807 0.095207 0.023531 0.111227
0 0.408880 0.668301 0.021760 0.110227
0 0.408885 0.793176 0.025313 0.098898
0 0.671240 0.220082 0.019979 0.112555
0 0.674859 0.350535 0.021885 0.115055
0 0.681854 0.483461 0.022917 0.119078
0 0.690245 0.777645 0.027969 0.129633
0 0.416432 0.315484 0.023531 0.101234
0 0.123302 0.806695 0.013771 0.075594
0 0.268490 0.799703 0.020875 0.085578
0 0.272932 0.688813 0.019094 0.103563
0 0.130406 0.708961 0.013771 0.091906
0 0.137953 0.605898 0.011094 0.088250
0 0.275818 0.576094 0.017760 0.099906
0 0.278484 0.468699 0.017760 0.096242
0 0.143057 0.507328 0.013323 0.087578
0 0.148828 0.411090 0.013323 0.082914
0 0.283365 0.365305 0.015979 0.092578
0 0.286917 0.263570 0.015979 0.090906
0 0.155714 0.319016 0.015531 0.079250
0 0.419229 0.206129 0.023083 0.102570
