0 0.557688 0.208863 0.029229 0.096289
0 0.201094 0.821164 0.041979 0.240297
0 0.948203 0.630434 0.049552 0.119086
0 0.914104 0.501762 0.047417 0.102305
0 0.850547 0.291699 0.036260 0.082695
0 0.682198 0.243691 0.032562 0.088805
0 0.248474 0.121820 0.033031 0.107891
0 0.240479 0.249094 0.035167 0.124281
0 0.570719 0.322746 0.031521 0.108898
0 0.702370 0.351387 0.036406 0.100898
0 0.878875 0.390570 0.038437 0.092641
0 0.725766 0.474008 0.042198 0.115656
0 0.586672 0.452434 0.039781 0.122633
0 0.224844 0.397746 0.047500 0.145836
0 0.214927 0.580043 0.056396 0.174008
0 0.753500 0.616086 0.048604 0.135063
0 0.601036 0.604898 0.048615 0.144172
0 0.791068 0.795066 0.055240 0.168211
0 0.626443 0.801695 0.053031 0.194719
