0 0.568938 0.679363 0.026854 0.152008
0 0.288219 0.673605 0.029479 0.159680
0 0.796870 0.681035 0.023656 0.142898
0 0.915469 0.683434 0.024292 0.140977
0 0.793990 0.538719 0.019812 0.109328
0 0.910031 0.546148 0.017896 0.105969
0 0.906417 0.427453 0.015167 0.106844
0 0.789927 0.414820 0.016875 0.109563
0 0.566573 0.391844 0.016917 0.117547
0 0.296177 0.363207 0.021354 0.128211
0 0.291833 0.510902 0.024292 0.126117
0 0.293115 0.218152 0.024292 0.130430
0 0.567401 0.258914 0.015344 0.118922
0 0.787307 0.291348 0.017760 0.111555
0 0.901635 0.307660 0.017313 0.104227
0 0.567411 0.525625 0.018406 0.115078
