0 0.412562 0.435277 0.015069 0.051836
0 0.260021 0.444316 0.016486 0.052992
0 0.655389 0.421672 0.020556 0.060891
0 0.651104 0.348441 0.020208 0.060508
0 0.411826 0.364148 0.015042 0.048750
0 0.264819 0.375617 0.016472 0.049719
0 0.266014 0.309902 0.015444 0.050102
0 0.412833 0.295930 0.014389 0.051453
0 0.648090 0.276305 0.018264 0.058937
0 0.643639 0.206402 0.016556 0.054117
0 0.412931 0.228961 0.015417 0.047016
0 0.268188 0.244285 0.015069 0.045289
0 0.336292 0.172324 0.013444 0.045445
0 0.466917 0.154578 0.013694 0.042078
0 0.467361 0.103496 0.011444 0.048023
0 0.337028 0.120035 0.012306 0.045445
0 0.413764 0.666625 0.019528 0.069375
0 0.249299 0.669031 0.019903 0.066484
0 0.252035 0.591176 0.019903 0.061086
0 0.413569 0.585105 0.017500 0.063211
0 0.257347 0.517180 0.016139 0.058391
0 0.412715 0.509375 0.016486 0.060125
0 0.660826 0.498504 0.021708 0.063914
0 0.667069 0.579355 0.024167 0.071039
