0 0.650618 0.536066 0.016486 0.065211
0 0.419153 0.470164 0.015667 0.055500
0 0.648972 0.459293 0.017306 0.064289
0 0.493681 0.071105 0.011167 0.048664
0 0.416486 0.542313 0.015250 0.058734
0 0.273625 0.547281 0.017306 0.057578
0 0.270125 0.620473 0.021833 0.061508
0 0.418563 0.618047 0.023431 0.063594
0 0.651861 0.616422 0.019528 0.069187
0 0.644924 0.241238 0.015097 0.056273
0 0.645437 0.312348 0.016125 0.059352
0 0.423882 0.263188 0.014431 0.048562
0 0.289861 0.279492 0.015250 0.048328
0 0.285750 0.344590 0.016889 0.049492
0 0.423472 0.331641 0.016083 0.050406
0 0.426243 0.196766 0.014875 0.044000
0 0.646708 0.385293 0.018528 0.061977
0 0.283083 0.410730 0.015667 0.051805
0 0.419562 0.400551 0.016486 0.052727
0 0.292667 0.215398 0.013111 0.040469
0 0.643382 0.172199 0.014625 0.055242
0 0.492250 0.122094 0.013444 0.043359
0 0.369493 0.141441 0.013458 0.042555
0 0.370493 0.091340 0.012014 0.045445
0 0.278556 0.477559 0.015667 0.053648
