0 0.871797 0.606914 0.046135 0.092984
0 0.826646 0.393484 0.035146 0.075203
0 0.811286 0.304133 0.036260 0.068547
0 0.795750 0.222961 0.034042 0.062719
0 0.780948 0.149008 0.029604 0.056891
0 0.769667 0.080883 0.029229 0.053281
0 0.361068 0.733504 0.042177 0.105227
0 0.559979 0.734500 0.041292 0.104563
0 0.552651 0.604465 0.035510 0.102898
0 0.367943 0.604465 0.039073 0.105555
0 0.548208 0.486250 0.032854 0.084250
0 0.375047 0.482586 0.034635 0.086250
0 0.380599 0.381355 0.032406 0.079586
0 0.543109 0.385352 0.030635 0.078250
0 0.540661 0.294609 0.031969 0.071266
0 0.384818 0.288781 0.030198 0.071594
0 0.388151 0.205363 0.028865 0.064602
0 0.536443 0.213023 0.027969 0.065266
0 0.534672 0.136430 0.027969 0.059937
0 0.391922 0.128605 0.026635 0.058945
0 0.394583 0.059176 0.025750 0.054617
0 0.530719 0.067867 0.025750 0.055609
0 0.898974 0.733832 0.058823 0.104055
0 0.844031 0.492000 0.035146 0.083531
