0 0.449641 0.310988 0.013760 0.054945
0 0.686964 0.313988 0.012427 0.052945
0 0.686073 0.248555 0.013312 0.058609
0 0.450974 0.243227 0.015531 0.059937
0 0.312266 0.469523 0.016281 0.062156
0 0.309641 0.535391 0.019615 0.048594
0 0.316833 0.389430 0.013896 0.056078
0 0.449427 0.468965 0.012958 0.062992
0 0.697573 0.546156 0.015979 0.065141
0 0.448437 0.546277 0.016521 0.067133
0 0.692698 0.470781 0.013271 0.061828
0 0.688516 0.390105 0.012594 0.060508
0 0.449104 0.387750 0.015479 0.062609
0 0.306312 0.593398 0.017396 0.046062
0 0.322187 0.237750 0.012583 0.043844
