0 0.414943 0.647855 0.019573 0.077258
0 0.257542 0.660844 0.022688 0.072594
0 0.267531 0.579258 0.024021 0.067937
0 0.417828 0.559773 0.020906 0.071594
0 0.276417 0.503996 0.022250 0.061273
0 0.420271 0.482684 0.016021 0.064602
0 0.284406 0.435566 0.022250 0.058945
0 0.423599 0.410762 0.016469 0.061273
0 0.290844 0.371965 0.016479 0.051617
0 0.424490 0.344992 0.015583 0.056281
0 0.476438 0.373797 0.016479 0.065266
0 0.476438 0.303031 0.013812 0.059609
0 0.426490 0.281055 0.014250 0.054281
0 0.295286 0.312523 0.016469 0.052609
0 0.300167 0.257410 0.015583 0.048289
0 0.427599 0.224941 0.012927 0.048617
0 0.476885 0.239430 0.015583 0.058281
0 0.475328 0.180824 0.013365 0.049617
0 0.430708 0.175160 0.012917 0.044289
0 0.306828 0.207293 0.012927 0.041961
0 0.476219 0.127211 0.012479 0.046953
0 0.565927 0.102062 0.014208 0.046625
0 0.571036 0.155348 0.016427 0.050617
0 0.574365 0.216949 0.018646 0.053945
0 0.578135 0.281730 0.019979 0.057633
0 0.582135 0.355148 0.018208 0.063937
0 0.586573 0.434402 0.021750 0.068602
0 0.593229 0.520484 0.022646 0.078922
0 0.599448 0.617719 0.022646 0.084250
0 0.610547 0.728941 0.027969 0.096242
0 0.616547 0.832004 0.024865 0.070602
0 0.478437 0.830996 0.019583 0.072617
0 0.478880 0.732437 0.017802 0.089906
0 0.412057 0.741262 0.020031 0.075586
0 0.247198 0.750273 0.020250 0.073125
0 0.478323 0.627820 0.018125 0.086609
0 0.477656 0.534402 0.018208 0.076930
0 0.477589 0.450734 0.014802 0.069656
