0 0.664286 0.261730 0.014802 0.061055
0 0.418198 0.490000 0.018875 0.062719
0 0.417297 0.570531 0.017427 0.071156
0 0.281057 0.556531 0.018906 0.048813
0 0.285760 0.492195 0.020021 0.063547
0 0.675573 0.567258 0.018875 0.068266
0 0.671870 0.487754 0.015906 0.062992
0 0.667063 0.405477 0.013688 0.063828
0 0.666323 0.327914 0.012208 0.054672
0 0.425620 0.265340 0.018531 0.057164
0 0.300927 0.267000 0.016313 0.048281
0 0.423026 0.334852 0.018531 0.059109
0 0.421901 0.410219 0.018135 0.064656
0 0.293641 0.411590 0.018698 0.062602
0 0.277812 0.617816 0.019542 0.054945
