0 0.661078 0.441461 0.019177 0.087516
0 0.652818 0.249020 0.017323 0.083586
0 0.475193 0.265836 0.014698 0.081250
0 0.243651 0.287480 0.017802 0.078586
0 0.238760 0.376059 0.016021 0.079258
0 0.475437 0.357578 0.016875 0.080922
0 0.475880 0.452316 0.017760 0.085242
0 0.236099 0.465969 0.017802 0.081922
0 0.229214 0.561375 0.019135 0.086250
0 0.476328 0.552215 0.015094 0.089242
0 0.477880 0.657109 0.020865 0.093906
0 0.223885 0.661609 0.018250 0.088250
0 0.675729 0.654051 0.026104 0.097898
0 0.666406 0.544559 0.023438 0.093102
0 0.657609 0.343758 0.020781 0.085516
