0 0.380199 0.292411 0.026227 0.087448
0 0.683820 0.134536 0.030969 0.077927
0 0.513402 0.171687 0.015398 0.074646
0 0.396121 0.201240 0.022273 0.072146
0 0.511402 0.265760 0.016023 0.092688
0 0.704113 0.230995 0.034883 0.095427
0 0.730008 0.360229 0.047828 0.123708
0 0.509367 0.389719 0.020141 0.119396
0 0.363715 0.408896 0.033086 0.113646
0 0.305949 0.772172 0.052320 0.198865
0 0.339605 0.565016 0.040914 0.146385
0 0.507145 0.555698 0.023820 0.158125
0 0.769191 0.539125 0.065258 0.176083
0 0.819168 0.792193 0.081305 0.245823
0 0.502223 0.782182 0.027445 0.221656
