0 0.301583 0.221176 0.014125 0.046445
0 0.625057 0.184031 0.017885 0.057813
0 0.619974 0.121824 0.015115 0.050414
0 0.614115 0.065289 0.015104 0.047406
0 0.542271 0.090609 0.015104 0.044859
0 0.549672 0.205543 0.017573 0.053648
0 0.544896 0.145531 0.015417 0.049719
0 0.569870 0.503738 0.020969 0.068680
0 0.575880 0.592422 0.023740 0.076781
0 0.663302 0.583402 0.027146 0.084180
0 0.653734 0.490902 0.024052 0.073070
0 0.646026 0.406148 0.025281 0.066828
0 0.560156 0.343828 0.021271 0.061516
0 0.638630 0.326484 0.024052 0.062438
0 0.553990 0.272836 0.019417 0.057813
0 0.406880 0.526863 0.016344 0.067523
0 0.564167 0.422223 0.020042 0.063367
0 0.409536 0.377937 0.016031 0.055266
0 0.408760 0.310531 0.013875 0.053187
0 0.283396 0.545016 0.018500 0.067297
0 0.296047 0.338727 0.014927 0.054922
0 0.298875 0.277160 0.015958 0.052414
0 0.201875 0.304332 0.014167 0.050492
0 0.196609 0.363105 0.015448 0.053570
0 0.292578 0.402516 0.017240 0.057234
0 0.190312 0.424676 0.016729 0.055695
0 0.175479 0.561090 0.017875 0.062898
0 0.183495 0.491133 0.016656 0.058969
0 0.289563 0.471480 0.018500 0.060820
0 0.408135 0.246355 0.013292 0.057117
0 0.631693 0.252602 0.021281 0.058047
0 0.407380 0.450668 0.014802 0.060586
0 0.305151 0.170625 0.010823 0.043938
0 0.409672 0.134664 0.012052 0.047406
0 0.409365 0.187969 0.012667 0.050875
0 0.675240 0.686082 0.029750 0.092570
0 0.583646 0.691445 0.025750 0.087906
0 0.404255 0.701937 0.016010 0.082250
0 0.270599 0.709762 0.019573 0.076586
0 0.278583 0.623922 0.019729 0.070531
0 0.407057 0.609996 0.016615 0.072383
0 0.213901 0.200559 0.009281 0.042586
0 0.209406 0.250563 0.013646 0.046250
