0 0.239740 0.198535 0.030229 0.088914
0 0.210698 0.434867 0.034625 0.114687
0 0.226354 0.307824 0.034042 0.100180
0 0.431573 0.292063 0.027042 0.106563
0 0.736599 0.265805 0.044406 0.110891
0 0.722167 0.141094 0.036854 0.098563
0 0.420583 0.575395 0.031563 0.130398
0 0.772917 0.575996 0.049729 0.144523
0 0.756448 0.411090 0.049542 0.128273
0 0.435099 0.172895 0.025802 0.091570
0 0.426750 0.424477 0.033042 0.119484
0 0.186724 0.573848 0.033031 0.122680
0 0.710844 0.039379 0.035521 0.078289
0 0.438781 0.073938 0.024396 0.083484
0 0.254724 0.103766 0.029906 0.080703
