0 0.925172 0.404266 0.019094 0.121219
0 0.785750 0.392777 0.020875 0.123539
0 0.525099 0.372629 0.020031 0.128539
0 0.921620 0.269734 0.020427 0.117547
0 0.783057 0.254984 0.021094 0.125156
0 0.524750 0.227887 0.018542 0.130430
0 0.213385 0.192887 0.027500 0.140023
0 0.525693 0.519305 0.023448 0.127875
0 0.526255 0.672742 0.026281 0.138578
0 0.211693 0.665789 0.033948 0.143859
0 0.215625 0.507477 0.025625 0.132266
0 0.215891 0.349637 0.025094 0.139461
0 0.792583 0.673941 0.028125 0.131383
0 0.934521 0.676582 0.026854 0.131867
0 0.929089 0.535840 0.021094 0.116039
0 0.790021 0.530805 0.020458 0.122281
