0 0.566826 0.247617 0.013014 0.052797
0 0.573875 0.667789 0.016444 0.067063
0 0.370583 0.671141 0.019333 0.061750
0 0.250854 0.604090 0.015069 0.053383
0 0.372410 0.598730 0.016097 0.057430
0 0.571792 0.590348 0.015417 0.063789
0 0.373951 0.530320 0.015764 0.053188
0 0.256958 0.538125 0.015417 0.050687
0 0.570424 0.516926 0.016097 0.059930
0 0.568444 0.446840 0.014389 0.058773
0 0.377715 0.463738 0.015069 0.049914
0 0.261750 0.474434 0.014056 0.047023
0 0.380972 0.399277 0.014056 0.045477
0 0.266201 0.413344 0.014736 0.045094
0 0.568715 0.378371 0.014736 0.055695
0 0.381312 0.337613 0.014042 0.046633
0 0.268771 0.353801 0.013014 0.043164
0 0.568882 0.312367 0.015764 0.054734
0 0.382861 0.275559 0.012333 0.040852
0 0.272201 0.296277 0.013014 0.040273
0 0.465597 0.196551 0.011306 0.033914
0 0.360757 0.220543 0.010625 0.038352
0 0.362639 0.174676 0.010278 0.042586
0 0.466104 0.152324 0.009597 0.044898
